深度        孔隙度     含水合物饱和度
1814.9316	-9999	-9999
1815.084	-9999	-9999
1815.2364	-9999	-9999
1815.3888	-9999	-9999
1815.5412	-9999	-9999
1815.6936	-9999	-9999
1815.846	-9999	-9999
1815.9984	-9999	-9999
1816.1508	-9999	-9999
1816.3032	-9999	-9999
1816.4556	-9999	-9999
1816.608	-9999	-9999
1816.7604	-9999	-9999
1816.9128	-9999	-9999
1817.0652	-9999	-9999
1817.2176	-9999	-9999
1817.37  	-9999	-9999
1817.5224	-9999	-9999
1817.6748	-9999	-9999
1817.8272	-9999	-9999
1817.9796	-9999	-9999
1818.132	-9999	-9999
1818.2844	-9999	-9999
1818.4368	-9999	-9999
1818.5892	-9999	-9999
1818.7416	-9999	-9999
1818.894	-9999	-9999
1819.0464	-9999	-9999
1819.1988	-9999	-9999
1819.3512	-9999	-9999
1819.5036	-9999	-9999
1819.656	-9999	-9999
1819.8084	-9999	-9999
1819.9608	-9999	-9999
1820.1132	-9999	-9999
1820.2656	-9999	-9999
1820.418	-9999	-9999
1820.5704	-9999	-9999
1820.7228	-9999	-9999
1820.8752	-9999	-9999
1821.0276	-9999	-9999
1821.18		-9999	-9999
1821.3324	-9999	-9999
1821.4848	-9999	-9999
1821.6372	-9999	-9999
1821.7896	-9999	-9999
1821.942	-9999	-9999
1822.0944	-9999	-9999
1822.2468	-9999	-9999
1822.3992	-9999	-9999
1822.5516	-9999	-9999
1822.704	-9999	-9999
1822.8564	-9999	-9999
1823.0088	-9999	-9999
1823.1612	-9999	-9999
1823.3136	-9999	-9999
1823.466	-9999	-9999
1823.6184	-9999	-9999
1823.7708	-9999	-9999
1823.9232	-9999	-9999
1824.0756	0.7486	-9999
1824.228	0.7385	-9999
1824.3804	0.744	-9999
1824.5328	0.6971	-9999
1824.6852	0.6355	-9999
1824.8376	0.6182	-9999
1824.99		0.5666	-9999
1825.1424	0.5121	-9999
1825.2948	0.4932	-9999
1825.4472	0.4869	-9999
1825.5996	0.4864	-9999
1825.752	0.4905	-9999
1825.9044	0.4862	-9999
1826.0568	0.4798	-9999
1826.2092	0.474	-9999
1826.3616	0.4697	-9999
1826.514	0.4878	-9999
1826.6664	0.4601	-9999
1826.8188	0.4539	-9999
1826.9712	0.4664	-9999
1827.1236	0.4689	-9999
1827.276	0.453	-9999
1827.4284	0.4557	-9999
1827.5808	0.476	-9999
1827.7332	0.4599	-9999
1827.8856	0.4726	-9999
1828.038	0.4627	-9999
1828.1904	0.4669	-9999
1828.3428	0.4664	-9999
1828.4952	0.4716	-9999
1828.6476	0.4504	-9999
1828.8		0.4819	-9999
1828.9524	0.4722	-9999
1829.1048	0.4614	-9999
1829.2572	0.4834	-9999
1829.4096	0.4515	-9999
1829.562	0.4504	-9999
1829.7144	0.4489	-9999
1829.8668	0.453	-9999
1830.0192	0.5352	-9999
1830.1716	0.597	-9999
1830.324	0.561	-9999
1830.4764	0.6154	-9999
1830.6288	0.6107	-9999
1830.7812	0.6434	-9999
1830.9336	0.6838	-9999
1831.086	0.6602	-9999
1831.2384	0.6739	-9999
1831.3908	0.6483	-9999
1831.5432	0.5974	-9999
1831.6956	0.5534	-9999
1831.848	0.5328	-9999
1832.0004	0.5236	0.0237
1832.1528	0.5208	0.0175
1832.3052	0.5196	0
1832.4576	0.5156	0
1832.61		0.4971	0
1832.7624	0.4854	0
1832.9148	0.4939	0
1833.0672	0.4879	0
1833.2196	0.4758	0
1833.372	0.4884	0
1833.5244	0.4927	0
1833.6768	0.4903	0
1833.8292	0.5031	0
1833.9816	0.4971	0
1834.134	0.506	0.0049
1834.2864	0.5021	0.0116
1834.4388	0.4834	0.0228
1834.5912	0.4867	0.0164
1834.7436	0.4874	0
1834.896	0.4806	0
1835.0484	0.485	0
1835.2008	0.4833	0
1835.3532	0.4809	0
1835.5056	0.4765	0
1835.658	0.4734	0
1835.8104	0.4703	0
1835.9628	0.4668	0
1836.1152	0.4629	0
1836.2676	0.4695	0
1836.42		0.4633	0
1836.5724	0.4607	0
1836.7248	0.4557	0
1836.8772	0.4592	0
1837.0296	0.4634	0
1837.182	0.4711	0
1837.3344	0.4647	0
1837.4868	0.4756	0
1837.6392	0.4741	0
1837.7916	0.4683	0
1837.944	0.474	0
1838.0964	0.482	0
1838.2488	0.4675	0
1838.4012	0.469	0
1838.5536	0.4666	0
1838.706	0.4732	0
1838.8584	0.4755	0
1839.0108	0.4779	0
1839.1632	0.4845	0
1839.3156	0.4801	0
1839.468	0.4772	0
1839.6204	0.488	0
1839.7728	0.4845	0
1839.9252	0.4843	0.0083
1840.0776	0.4809	0
1840.23		0.486	0.004
1840.3824	0.4882	0
1840.5348	0.4969	0
1840.6872	0.5015	0
1840.8396	0.4944	0.0119
1840.992	0.4968	0
1841.1444	0.5406	0
1841.2968	0.542	0.0027
1841.4492	0.5229	0.0179
1841.6016	0.5253	0.0304
1841.754	0.5262	0
1841.9064	0.512	0
1842.0588	0.5159	0
1842.2112	0.4875	0
1842.3636	0.483	0
1842.516	0.4749	0
1842.6684	0.483	0
1842.8208	0.4787	0
1842.9732	0.4811	0
1843.1256	0.4843	0
1843.278	0.4837	0
1843.4304	0.4918	0.0147
1843.5828	0.5015	0.0585
1843.7352	0.516	0.0457
1843.8876	0.5192	0.0411
1844.04		0.5255	0.0537
1844.1924	0.5252	0.0596
1844.3448	0.5362	0.0789
1844.4972	0.5278	0.0561
1844.6496	0.5211	0.0561
1844.802	0.5141	0.0338
1844.9544	0.5089	0.0889
1845.1068	0.4908	0.0267
1845.2592	0.4869	0.0118
1845.4116	0.4825	0
1845.564	0.4822	0
1845.7164	0.4789	0
1845.8688	0.4797	0
1846.0212	0.4859	0
1846.1736	0.4765	0
1846.326	0.473	0
1846.4784	0.4806	0
1846.6308	0.4764	0
1846.7832	0.4879	0
1846.9356	0.4837	0
1847.088	0.4799	0
1847.2404	0.4876	0
1847.3928	0.4866	0
1847.5452	0.4832	0
1847.6976	0.484	0
1847.85		0.4811	0
1848.0024	0.4872	0
1848.1548	0.4846	0
1848.3072	0.4887	0
1848.4596	0.4903	0
1848.612	0.4861	0
1848.7644	0.4901	0
1848.9168	0.4966	0
1849.0692	0.4982	0
1849.2216	0.4971	0
1849.374	0.5044	0.0115
1849.5264	0.5143	0.0404
1849.6788	0.5179	0.0577
1849.8312	0.5082	0.0227
1849.9836	0.5489	0.0227
1850.136	0.5434	0.0546
1850.2884	0.5346	0.0338
1850.4408	0.5295	0.0227
1850.5932	0.5599	0.0227
1850.7456	0.5594	0.0227
1850.898	0.5616	0.0227
1851.0504	0.5493	0.0227
1851.2028	0.5512	0.0316
1851.3552	0.5463	0.03
1851.5076	0.5415	0.0348
1851.66	0.5341	0
1851.8124	0.5323	0
1851.9648	0.4933	0
1852.1172	0.4907	0
1852.2696	0.4883	0
1852.422	0.4843	0
1852.5744	0.4869	0
1852.7268	0.4848	0
1852.8792	0.4796	0
1853.0316	0.4785	0
1853.184	0.4806	0
1853.3364	0.4791	0
1853.4888	0.4782	0
1853.6412	0.4788	0
1853.7936	0.4791	0
1853.946	0.4786	0
1854.0984	0.4772	0
1854.2508	0.4763	0
1854.4032	0.4773	0
1854.5556	0.4733	0
1854.708	0.4709	0
1854.8604	0.4739	0
1855.0128	0.4753	0
1855.1652	0.4722	0
1855.3176	0.4718	0
1855.47		0.4676	0
1855.6224	0.4738	0
1855.7748	0.4699	0
1855.9272	0.4692	0
1856.0796	0.471	0
1856.232	0.4708	0
1856.3844	0.4687	0
1856.5368	0.4653	0
1856.6892	0.4669	0
1856.8416	0.4643	0
1856.994	0.4677	0
1857.1464	0.4743	0
1857.2988	0.4741	0
1857.4512	0.4693	0
1857.6036	0.4704	0
1857.756	0.4702	0
1857.9084	0.4666	0
1858.0608	0.4635	0
1858.2132	0.4704	0
1858.3656	0.4626	0
1858.518	0.461	0
1858.6704	0.4627	0
1858.8228	0.4657	0
1858.9752	0.4683	0
1859.1276	0.4754	0
1859.28		0.4663	0
1859.4324	0.4688	0.0013
1859.5848	0.488	0.0403
1859.7372	0.475	0.0115
1859.8896	0.4915	0.0227
1860.042	0.4839	0.0227
1860.1944	0.515	0.0227
1860.3468	0.5201	0.0227
1860.4992	0.5116	0.0227
1860.6516	0.5084	0.0227
1860.804	0.4957	0.0101
1860.9564	0.5001	0.0101
1861.1088	0.5009	0.0194
1861.2612	0.5205	0.0194
1861.4136	0.4653	0.0079
1861.566	0.4623	0
1861.7184	0.4662	0
1861.8708	0.4577	0
1862.0232	0.4599	0
1862.1756	0.4626	0
1862.328	0.4512	0
1862.4804	0.4513	0
1862.6328	0.4555	0
1862.7852	0.4579	0.0115
1862.9376	0.4628	0.0115
1863.09		0.4783	0.0227
1863.2424	0.4725	0.0338
1863.3948	0.4723	0.0227
1863.5472	0.4743	0.0227
1863.6996	0.4804	0.0115
1863.852	0.4645	0.0115
1864.0044	0.5011	0.0227
1864.1568	0.4802	0.0227
1864.3092	0.4765	0.0111
1864.4616	0.4684	0.0018
1864.614	0.4626	0.0018
1864.7664	0.4398	0
1864.9188	0.4717	0
1865.0712	0.4852	0
1865.2236	0.4918	0
1865.376	0.4983	0
1865.5284	0.5011	0
1865.6808	0.5121	0
1865.8332	0.5031	0
1865.9856	0.5073	0
1866.138	0.5005	0
1866.2904	0.506	0
1866.4428	0.5235	0
1866.5952	0.5403	0
1866.7476	0.5428	0
1866.9		0.5502	0
1867.0524	0.5541	0
1867.2048	0.5785	0
1867.3572	0.5817	0
1867.5096	0.594	0
1867.662	0.5957	0
1867.8144	0.6024	0
1867.9668	0.5899	0
1868.1192	0.5951	0
1868.2716	0.5959	0
1868.424	0.5926	0
1868.5764	0.5957	0
1868.7288	0.5989	0
1868.8812	0.6047	0
1869.0336	0.5987	0
1869.186	0.581	0
1869.3384	0.5581	0
1869.4908	0.5492	0
1869.6432	0.5524	0
1869.7956	0.5511	0
1869.948	0.5435	0
1870.1004	0.5502	0.0006
1870.2528	0.5559	0
1870.4052	0.5424	0
1870.5576	0.5379	0
1870.71		0.5302	0
1870.8624	0.519	0
1871.0148	0.5291	0
1871.1672	0.5425	0
1871.3196	0.5445	0
1871.472	0.5399	0
1871.6244	0.5427	0
1871.7768	0.5261	0
1871.9292	0.5096	0
1872.0816	0.5019	0
1872.234	0.4971	0
1872.3864	0.4964	0
1872.5388	0.5014	0
1872.6912	0.5155	0
1872.8436	0.5092	0
1872.996	0.5096	0
1873.1484	0.5327	0
1873.3008	0.5331	0
1873.4532	0.5424	0
1873.6056	0.5492	0
1873.758	0.5533	0
1873.9104	0.5627	0
1874.0628	0.555	0
1874.2152	0.553	0
1874.3676	0.553	0
1874.52		0.5397	0
1874.6724	0.5465	0
1874.8248	0.5526	0
1874.9772	0.5502	0
1875.1296	0.5588	0
1875.282	0.5642	0
1875.4344	0.5713	0
1875.5868	0.5826	0
1875.7392	0.5822	0
1875.8916	0.5834	0
1876.044	0.5794	0
1876.1964	0.5742	0
1876.3488	0.5652	0
1876.5012	0.5048	0
1876.6536	0.4865	0
1876.806	0.4724	0
1876.9584	0.4886	0
1877.1108	0.4804	0
1877.2632	0.4921	0
1877.4156	0.4937	0
1877.568	0.521	0
1877.7204	0.5194	0
1877.8728	0.5395	0
1878.0252	0.5414	0
1878.1776	0.5438	0
1878.33		0.5583	0
1878.4824	0.5436	0
1878.6348	0.5501	0
1878.7872	0.5467	0
1878.9396	0.5294	0
1879.092	0.5321	0
1879.2444	0.5426	0.0025
1879.3968	0.5335	0
1879.5492	0.5401	0
1879.7016	0.5496	0
1879.854	0.535	0
1880.0064	0.5297	0
1880.1588	0.5268	0
1880.3112	0.5207	0
1880.4636	0.5222	0
1880.616	0.5184	0
1880.7684	0.523	0
1880.9208	0.5258	0
1881.0732	0.5223	0
1881.2256	0.5322	0
1881.378	0.5148	0
1881.5304	0.5317	0
1881.6828	0.5435	0
1881.8352	0.5379	0
1881.9876	0.5354	0
1882.14		0.5429	0
1882.2924	0.5016	0
1882.4448	0.5118	0
1882.5972	0.513	0
1882.7496	0.5224	0
1882.902	0.5217	0
1883.0544	0.5121	0
1883.2068	0.498	0
1883.3592	0.5044	0
1883.5116	0.5055	0
1883.664	0.5057	0
1883.8164	0.5105	0
1883.9688	0.51	0
1884.1212	0.516	0
1884.2736	0.5197	0
1884.426	0.5234	0
1884.5784	0.528	0
1884.7308	0.5253	0
1884.8832	0.5347	0
1885.0356	0.5409	0
1885.188	0.5482	0
1885.3404	0.5488	0
1885.4928	0.5382	0
1885.6452	0.5366	0
1885.7976	0.5367	0
1885.95		0.5341	0
1886.1024	0.5241	0
1886.2548	0.5242	0
1886.4072	0.5325	0
1886.5596	0.5248	0
1886.712	0.5288	0
1886.8644	0.5368	0
1887.0168	0.5372	0
1887.1692	0.5375	0
1887.3216	0.5419	0
1887.474	0.5469	0
1887.6264	0.5421	0
1887.7788	0.5423	0
1887.9312	0.5257	0
1888.0836	0.5329	0
1888.236	0.5413	0
1888.3884	0.5448	0
1888.5408	0.5507	0
1888.6932	0.5535	0
1888.8456	0.5514	0
1888.998	0.5433	0
1889.1504	0.541	0
1889.3028	0.5412	0
1889.4552	0.5381	0
1889.6076	0.5362	0
1889.76		0.5353	0
1889.9124	0.5389	0
1890.0648	0.5314	0
1890.2172	0.5283	0
1890.3696	0.5314	0
1890.522	0.5265	0
1890.6744	0.5456	0
1890.8268	0.5283	0
1890.9792	0.5218	0
1891.1316	0.5415	0
1891.284	0.5416	0
1891.4364	0.5346	0
1891.5888	0.5415	0
1891.7412	0.539	0
1891.8936	0.5361	0
1892.046	0.5403	0
1892.1984	0.5417	0
1892.3508	0.5457	0
1892.5032	0.5425	0
1892.6556	0.5423	0
1892.808	0.5428	0
1892.9604	0.5308	0
1893.1128	0.5319	0
1893.2652	0.5266	0
1893.4176	0.5273	0
1893.57		0.5387	0
1893.7224	0.545	0
1893.8748	0.5328	0
1894.0272	0.5458	0
1894.1796	0.5403	0
1894.332	0.5393	0
1894.4844	0.5366	0
1894.6368	0.5372	0
1894.7892	0.5345	0
1894.9416	0.5471	0
1895.094	0.5525	0
1895.2464	0.5602	0
1895.3988	0.5697	0
1895.5512	0.5559	0
1895.7036	0.5581	0
1895.856	0.5452	0
1896.0084	0.5403	0
1896.1608	0.5547	0
1896.3132	0.5623	0
1896.4656	0.555	0
1896.618	0.5642	0
1896.7704	0.5633	0
1896.9228	0.5729	0
1897.0752	0.5673	0
1897.2276	0.5627	0
1897.38		0.568	0
1897.5324	0.5601	0
1897.6848	0.5567	0
1897.8372	0.5537	0
1897.9896	0.5485	0
1898.142	0.55	0
1898.2944	0.5633	0
1898.4468	0.5819	0
1898.5992	0.5733	0
1898.7516	0.5731	0
1898.904	0.5752	0
1899.0564	0.5863	0
1899.2088	0.5795	0
1899.3612	0.5936	0
1899.5136	0.5615	0
1899.666	0.5529	0
1899.8184	0.5406	0
1899.9708	0.5309	0
1900.1232	0.5351	0
1900.2756	0.5521	0
1900.428	0.5512	0
1900.5804	0.5455	0
1900.7328	0.5508	0
1900.8852	0.5558	0
1901.0376	0.5507	0
1901.19		0.5566	0
1901.3424	0.5553	0
1901.4948	0.554	0
1901.6472	0.5479	0
1901.7996	0.5386	0
1901.952	0.5475	0
1902.1044	0.5198	0
1902.2568	0.525	0
1902.4092	0.5253	0
1902.5616	0.5415	0
1902.714	0.5329	0
1902.8664	0.5328	0
1903.0188	0.5296	0
1903.1712	0.5249	0
1903.3236	0.5182	0
1903.476	0.5237	0
1903.6284	0.5171	0
1903.7808	0.5122	0
1903.9332	0.4966	0
1904.0856	0.5213	0
1904.238	0.5243	0
1904.3904	0.53	0
1904.5428	0.5392	0
1904.6952	0.5435	0
1904.8476	0.545	0
1905		0.5425	0
1905.1524	0.5481	0
1905.3048	0.5367	0
1905.4572	0.5265	0
1905.6096	0.5171	0
1905.762	0.5026	0
1905.9144	0.4794	0
1906.0668	0.5017	0
1906.2192	0.5052	0
1906.3716	0.5082	0
1906.524	0.502	0
1906.6764	0.4935	0
1906.8288	0.5191	0
1906.9812	0.5025	0
1907.1336	0.4996	0
1907.286	0.5206	0
1907.4384	0.5123	0
1907.5908	0.5136	0
1907.7432	0.5212	0
1907.8956	0.5336	0
1908.048	0.5315	0
1908.2004	0.5395	0
1908.3528	0.5283	0
1908.5052	0.531	0
1908.6576	0.5281	0
1908.81		0.5176	0
1908.9624	0.5214	0
1909.1148	0.515	0
1909.2672	0.5232	0
1909.4196	0.4869	0
1909.572	0.4935	0
1909.7244	0.5016	0
1909.8768	0.4723	0
1910.0292	0.452	0
1910.1816	0.4589	0
1910.334	0.4808	0
1910.4864	0.509	0
1910.6388	0.4655	0
1910.7912	0.4547	0
1910.9436	0.4769	0
1911.096	0.482	0
1911.2484	0.4832	0
1911.4008	0.4781	0
1911.5532	0.4789	0
1911.7056	0.4939	0
1911.858	0.5046	0
1912.0104	0.5146	0
1912.1628	0.5104	0
1912.3152	0.5281	0
1912.4676	0.5234	0
1912.62	0.5268	0
1912.7724	0.5223	0
1912.9248	0.5216	0
1913.0772	0.5108	0
1913.2296	0.4999	0
1913.382	0.5201	0
1913.5344	0.5188	0
1913.6868	0.5129	0
1913.8392	0.5164	0
1913.9916	0.522	0
1914.144	0.5222	0
1914.2964	0.5222	0
1914.4488	0.5275	0
1914.6012	0.5253	0
1914.7536	0.5183	0
1914.906	0.5057	0
1915.0584	0.4969	0
1915.2108	0.5066	0
1915.3632	0.4999	0
1915.5156	0.4975	0
1915.668	0.4974	0
1915.8204	0.5119	0
1915.9728	0.4998	0
1916.1252	0.4909	0
1916.2776	0.4889	0
1916.43	0.5123	0
1916.5824	0.4745	0
1916.7348	0.4712	0
1916.8872	0.45	0
1917.0396	0.4498	0
1917.192	0.4454	0
1917.3444	0.5285	0
1917.4968	0.524	0
1917.6492	0.5275	0
1917.8016	0.525	0
1917.954	0.5531	0
1918.1064	0.5634	0
1918.2588	0.5571	0
1918.4112	0.5608	0
1918.5636	0.5521	0
1918.716	0.5669	0
1918.8684	0.5484	0
1919.0208	0.5488	0
1919.1732	0.5476	0
1919.3256	0.5512	0
1919.478	0.5466	0
1919.6304	0.534	0
1919.7828	0.5077	0
1919.9352	0.4864	0
1920.0876	0.4848	0
1920.24	0.496	0
1920.3924	0.5121	0
1920.5448	0.4814	0
1920.6972	0.4848	0
1920.8496	0.4855	0
1921.002	0.4911	0
1921.1544	0.4873	0
1921.3068	0.4909	0
1921.4592	0.4922	0
1921.6116	0.4956	0
1921.764	0.4798	0
1921.9164	0.4907	0
1922.0688	0.5006	0
1922.2212	0.4834	0
1922.3736	0.4874	0
1922.526	0.5017	0
1922.6784	0.5068	0
1922.8308	0.5081	0
1922.9832	0.4976	0
1923.1356	0.4891	0
1923.288	0.4857	0
1923.4404	0.4814	0
1923.5928	0.4795	0
1923.7452	0.4804	0
1923.8976	0.4755	0
1924.05	0.468	0
1924.2024	0.4807	0
1924.3548	0.4845	0
1924.5072	0.4895	0
1924.6596	0.4939	0
1924.812	0.49	0
1924.9644	0.5043	0
1925.1168	0.4953	0
1925.2692	0.4914	0
1925.4216	0.4931	0
1925.574	0.4944	0
1925.7264	0.5026	0
1925.8788	0.4802	0
1926.0312	0.4887	0
1926.1836	0.4721	0
1926.336	0.4595	0
1926.4884	0.4545	0
1926.6408	0.464	0
1926.7932	0.4973	0
1926.9456	0.492	0
1927.098	0.4991	0
1927.2504	0.506	0
1927.4028	0.5064	0
1927.5552	0.5125	0
1927.7076	0.5154	0
1927.86	0.5183	0.0194
1928.0124	0.49	0
1928.1648	0.4917	0
1928.3172	0.4738	0.0104
1928.4696	0.4854	0.0074
1928.622	0.4691	0
1928.7744	0.4672	0
1928.9268	0.4635	0
1929.0792	0.4756	0
1929.2316	0.4773	0
1929.384	0.4787	0
1929.5364	0.4872	0
1929.6888	0.4781	0
1929.8412	0.4692	0
1929.9936	0.4915	0
1930.146	0.4989	0
1930.2984	0.4913	0
1930.4508	0.4929	0
1930.6032	0.4998	0
1930.7556	0.512	0
1930.908	0.5299	0
1931.0604	0.503	0
1931.2128	0.4915	0
1931.3652	0.4838	0
1931.5176	0.469	0
1931.67	0.4843	0
1931.8224	0.4642	0
1931.9748	0.4656	0
1932.1272	0.461	0
1932.2796	0.4476	0
1932.432	0.4505	0
1932.5844	0.4515	0
1932.7368	0.4474	0
1932.8892	0.4517	0
1933.0416	0.4486	0
1933.194	0.465	0
1933.3464	0.4564	0
1933.4988	0.4592	0
1933.6512	0.4446	0
1933.8036	0.4466	0
1933.956	0.4533	0
1934.1084	0.4439	0
1934.2608	0.4409	0
1934.4132	0.4334	0
1934.5656	0.4386	0
1934.718	0.4299	0
1934.8704	0.4365	0
1935.0228	0.4433	0
1935.1752	0.4411	0
1935.3276	0.4492	0
1935.48	0.4462	0
1935.6324	0.4451	0
1935.7848	0.4485	0
1935.9372	0.4492	0
1936.0896	0.4508	0
1936.242	0.4419	0
1936.3944	0.4615	0
1936.5468	0.4941	0
1936.6992	0.5058	0
1936.8516	0.5251	0
1937.004	0.519	0
1937.1564	0.5236	0
1937.3088	0.5192	0
1937.4612	0.5181	0
1937.6136	0.5236	0
1937.766	0.5139	0
1937.9184	0.508	0
1938.0708	0.5119	0
1938.2232	0.5112	0
1938.3756	0.5124	0
1938.528	0.5083	0
1938.6804	0.5188	0
1938.8328	0.5015	0
1938.9852	0.5101	0
1939.1376	0.5056	0
1939.29	0.5099	0
1939.4424	0.5098	0
1939.5948	0.5065	0
1939.7472	0.5081	0
1939.8996	0.5085	0
1940.052	0.5041	0
1940.2044	0.4969	0
1940.3568	0.5096	0
1940.5092	0.5104	0
1940.6616	0.5072	0
1940.814	0.5037	0
1940.9664	0.506	0
1941.1188	0.5027	0
1941.2712	0.5027	0
1941.4236	0.4931	0
1941.576	0.491	0
1941.7284	0.493	0
1941.8808	0.4872	0
1942.0332	0.4756	0
1942.1856	0.4709	0
1942.338	0.5133	0
1942.4904	0.4825	0
1942.6428	0.483	0
1942.7952	0.4758	0
1942.9476	0.4695	0
1943.1	0.4804	0
1943.2524	0.4767	0
1943.4048	0.4755	0
1943.5572	0.4773	0
1943.7096	0.4711	0
1943.862	0.4804	0
1944.0144	0.4942	0
1944.1668	0.5004	0
1944.3192	0.5024	0
1944.4716	0.4996	0
1944.624	0.4966	0
1944.7764	0.4765	0
1944.9288	0.4809	0
1945.0812	0.4746	0
1945.2336	0.497	0
1945.386	0.5009	0
1945.5384	0.4983	0
1945.6908	0.4979	0
1945.8432	0.5124	0.0183
1945.9956	0.5164	0
1946.148	0.5081	0
1946.3004	0.4957	0
1946.4528	0.4783	0
1946.6052	0.4896	0
1946.7576	0.4863	0
1946.91	0.5017	0
1947.0624	0.4978	0
1947.2148	0.4838	0
1947.3672	0.4858	0
1947.5196	0.5042	0
1947.672	0.5161	0
1947.8244	0.4907	0
1947.9768	0.4834	0
1948.1292	0.4914	0
1948.2816	0.4964	0
1948.434	0.4985	0
1948.5864	0.4864	0
1948.7388	0.5105	0
1948.8912	0.4641	0
1949.0436	0.4452	0
1949.196	0.4316	0
1949.3484	0.4329	0
1949.5008	0.4338	0
1949.6532	0.4377	0
1949.8056	0.4365	0
1949.958	0.4285	0
1950.1104	0.4464	0
1950.2628	0.4408	0
1950.4152	0.4404	0
1950.5676	0.4519	0
1950.72	0.4704	0
1950.8724	0.4777	0
1951.0248	0.4896	0
1951.1772	0.4955	0
1951.3296	0.4958	0
1951.482	0.4934	0
1951.6344	0.4982	0
1951.7868	0.4951	0
1951.9392	0.4906	0
1952.0916	0.5047	0
1952.244	0.4984	0
1952.3964	0.5056	0
1952.5488	0.5006	0
1952.7012	0.4975	0
1952.8536	0.4999	0
1953.006	0.5007	0
1953.1584	0.5059	0
1953.3108	0.4991	0
1953.4632	0.5009	0
1953.6156	0.5008	0
1953.768	0.5022	0
1953.9204	0.4975	0
1954.0728	0.4963	0
1954.2252	0.4964	0
1954.3776	0.4929	0
1954.53	0.4955	0
1954.6824	0.493	0
1954.8348	0.4848	0
1954.9872	0.4929	0
1955.1396	0.4888	0
1955.292	0.4917	0
1955.4444	0.4951	0
1955.5968	0.4913	0
1955.7492	0.4952	0
1955.9016	0.4913	0
1956.054	0.4927	0
1956.2064	0.5002	0
1956.3588	0.5066	0
1956.5112	0.5133	0
1956.6636	0.5146	0
1956.816	0.5053	0
1956.9684	0.4988	0
1957.1208	0.4923	0
1957.2732	0.4985	0
1957.4256	0.4978	0
1957.578	0.4937	0
1957.7304	0.4919	0
1957.8828	0.5058	0
1958.0352	0.4978	0
1958.1876	0.5011	0
1958.34	0.5122	0
1958.4924	0.5145	0
1958.6448	0.5203	0
1958.7972	0.5322	0
1958.9496	0.5409	0
1959.102	0.5503	0
1959.2544	0.5466	0
1959.4068	0.5544	0
1959.5592	0.5543	0
1959.7116	0.5464	0
1959.864	0.5471	0
1960.0164	0.5446	0
1960.1688	0.5549	0
1960.3212	0.5545	0
1960.4736	0.5554	0
1960.626	0.5391	0
1960.7784	0.5352	0
1960.9308	0.544	0
1961.0832	0.5392	0
1961.2356	0.5483	0
1961.388	0.5415	0
1961.5404	0.5461	0
1961.6928	0.5573	0
1961.8452	0.551	0
1961.9976	0.5572	0
1962.15	0.5558	0
1962.3024	0.5454	0
1962.4548	0.5485	0
1962.6072	0.5337	0
1962.7596	0.5341	0
1962.912	0.5404	0
1963.0644	0.5388	0
1963.2168	0.5356	0
1963.3692	0.5307	0
1963.5216	0.5297	0
1963.674	0.5299	0
1963.8264	0.5233	0
1963.9788	0.5228	0
1964.1312	0.527	0
1964.2836	0.5252	0
1964.436	0.5279	0
1964.5884	0.5195	0
1964.7408	0.5256	0
1964.8932	0.5149	0
1965.0456	0.5128	0
1965.198	0.5128	0
1965.3504	0.5261	0
1965.5028	0.5385	0
1965.6552	0.5355	0
1965.8076	0.5279	0
1965.96	0.5296	0
1966.1124	0.5273	0
1966.2648	0.524	0
1966.4172	0.5267	0
1966.5696	0.5328	0
1966.722	0.5369	0
1966.8744	0.5403	0
1967.0268	0.5396	0
1967.1792	0.5351	0
1967.3316	0.5422	0
1967.484	0.541	0
1967.6364	0.5397	0
1967.7888	0.539	0
1967.9412	0.5409	0
1968.0936	0.5353	0
1968.246	0.533	0
1968.3984	0.5263	0
1968.5508	0.5294	0
1968.7032	0.4897	0
1968.8556	0.522	0
1969.008	0.532	0
1969.1604	0.5313	0
1969.3128	0.5288	0
1969.4652	0.5104	0
1969.6176	0.5125	0
1969.77	0.5196	0
1969.9224	0.5321	0
1970.0748	0.5571	0
1970.2272	0.5541	0
1970.3796	0.539	0
1970.532	0.5376	0
1970.6844	0.5629	0
1970.8368	0.552	0
1970.9892	0.5352	0
1971.1416	0.5299	0
1971.294	0.5336	0
1971.4464	0.5434	0
1971.5988	0.5508	0
1971.7512	0.5769	0.0048
1971.9036	0.5721	0.0229
1972.056	0.5759	0.0073
1972.2084	0.5648	0
1972.3608	0.5517	0
1972.5132	0.5432	0
1972.6656	0.5411	0
1972.818	0.5349	0
1972.9704	0.5368	0
1973.1228	0.54	0
1973.2752	0.5395	0
1973.4276	0.5267	0
1973.58	0.524	0
1973.7324	0.5227	0
1973.8848	0.5263	0
1974.0372	0.5256	0
1974.1896	0.5217	0
1974.342	0.5131	0
1974.4944	0.5171	0
1974.6468	0.5252	0
1974.7992	0.5239	0
1974.9516	0.517	0
1975.104	0.5152	0
1975.2564	0.5183	0
1975.4088	0.5154	0
1975.5612	0.522	0
1975.7136	0.5158	0
1975.866	0.5124	0
1976.0184	0.5062	0
1976.1708	0.514	0
1976.3232	0.5121	0
1976.4756	0.508	0
1976.628	0.5169	0
1976.7804	0.5027	0
1976.9328	0.5193	0
1977.0852	0.5169	0
1977.2376	0.5072	0
1977.39	0.5049	0
1977.5424	0.5062	0
1977.6948	0.505	0
1977.8472	0.495	0
1977.9996	0.504	0
1978.152	0.5019	0
1978.3044	0.5066	0
1978.4568	0.5023	0
1978.6092	0.5067	0
1978.7616	0.4997	0
1978.914	0.5057	0
1979.0664	0.5018	0
1979.2188	0.5018	0
1979.3712	0.5	0
1979.5236	0.5014	0
1979.676	0.4968	0
1979.8284	0.4896	0
1979.9808	0.4977	0
1980.1332	0.4965	0
1980.2856	0.5006	0
1980.438	0.5106	0
1980.5904	0.5016	0
1980.7428	0.5016	0
1980.8952	0.4967	0
1981.0476	0.4952	0
1981.2	0.4836	0
1981.3524	0.49	0
1981.5048	0.4911	0
1981.6572	0.493	0
1981.8096	0.4985	0
1981.962	0.501	0
1982.1144	0.5033	0
1982.2668	0.5049	0
1982.4192	0.5024	0
1982.5716	0.5006	0
1982.724	0.504	0
1982.8764	0.4997	0
1983.0288	0.4892	0
1983.1812	0.4959	0
1983.3336	0.4942	0
1983.486	0.4972	0
1983.6384	0.5008	0
1983.7908	0.4954	0
1983.9432	0.4901	0
1984.0956	0.496	0
1984.248	0.5029	0
1984.4004	0.4988	0
1984.5528	0.4953	0
1984.7052	0.4963	0
1984.8576	0.4866	0
1985.01	0.4929	0
1985.1624	0.4949	0
1985.3148	0.4977	0
1985.4672	0.4868	0
1985.6196	0.4948	0
1985.772	0.4961	0
1985.9244	0.4981	0
1986.0768	0.4976	0
1986.2292	0.4973	0
1986.3816	0.4987	0
1986.534	0.4956	0
1986.6864	0.4916	0
1986.8388	0.5002	0
1986.9912	0.4835	0
1987.1436	0.4887	0
1987.296	0.4956	0
1987.4484	0.4905	0
1987.6008	0.4913	0
1987.7532	0.4861	0
1987.9056	0.4691	0
1988.058	0.4687	0
1988.2104	0.4761	0
1988.3628	0.4897	0
1988.5152	0.5007	0
1988.6676	0.4814	0
1988.82	0.4913	0
1988.9724	0.4809	0
1989.1248	0.4869	0
1989.2772	0.477	0
1989.4296	0.4829	0
1989.582	0.4703	0
1989.7344	0.4641	0
1989.8868	0.4842	0
1990.0392	0.4828	0
1990.1916	0.4915	0
1990.344	0.4874	0
1990.4964	0.4953	0
1990.6488	0.4979	0
1990.8012	0.4978	0
1990.9536	0.4974	0
1991.106	0.5001	0
1991.2584	0.5017	0
1991.4108	0.4888	0
1991.5632	0.4991	0
1991.7156	0.4997	0
1991.868	0.4992	0
1992.0204	0.4983	0
1992.1728	0.5106	0
1992.3252	0.5022	0
1992.4776	0.499	0
1992.63	0.5088	0
1992.7824	0.5174	0
1992.9348	0.5113	0
1993.0872	0.5081	0
1993.2396	0.5063	0
1993.392	0.503	0
1993.5444	0.4984	0
1993.6968	0.4879	0
1993.8492	0.4971	0
1994.0016	0.4751	0
1994.154	0.4864	0
1994.3064	0.4824	0
1994.4588	0.4751	0
1994.6112	0.4867	0
1994.7636	0.478	0
1994.916	0.4879	0
1995.0684	0.48	0
1995.2208	0.4799	0
1995.3732	0.4898	0
1995.5256	0.4812	0.0069
1995.678	0.4814	0.012
1995.8304	0.4783	0.0319
1995.9828	0.4846	0.009
1996.1352	0.4824	0.0168
1996.2876	0.4836	0.0127
1996.44	0.4751	0
1996.5924	0.49	0
1996.7448	0.4789	0
1996.8972	0.4801	0
1997.0496	0.4774	0
1997.202	0.4814	0
1997.3544	0.4824	0
1997.5068	0.482	0
1997.6592	0.478	0
1997.8116	0.4822	0
1997.964	0.4812	0
1998.1164	0.4887	0
1998.2688	0.4805	0
1998.4212	0.4817	0
1998.5736	0.4747	0
1998.726	0.4768	0
1998.8784	0.4703	0
1999.0308	0.473	0
1999.1832	0.4699	0
1999.3356	0.486	0
1999.488	0.4776	0
1999.6404	0.4902	0
1999.7928	0.4809	0
1999.9452	0.4733	0
2000.0976	0.469	0
2000.25	0.4766	0
2000.4024	0.4763	0
2000.5548	0.4684	0
2000.7072	0.4755	0
2000.8596	0.4787	0
2001.012	0.4658	0
2001.1644	0.4709	0
2001.3168	0.4659	0
2001.4692	0.481	0
2001.6216	0.4707	0
2001.774	0.4744	0
2001.9264	0.485	0.0194
2002.0788	0.4907	0.0176
2002.2312	0.4871	0.0157
2002.3836	0.5056	0.0138
2002.536	0.4996	0.012
2002.6884	0.4924	0.0101
2002.8408	0.4986	0.0083
2002.9932	0.4948	0.0064
2003.1456	0.4965	0.0046
2003.298	0.4895	0.0027
2003.4504	0.4907	0.0009
2003.6028	0.4824	0.0009
2003.7552	0.4775	0.0009
2003.9076	0.478	0.0009
2004.06	0.4635	0.0009
2004.2124	0.449	0.0009
2004.3648	0.4636	0.0009
2004.5172	0.461	0.0009
2004.6696	0.4687	0.0009
2004.822	0.4662	0.0009
2004.9744	0.4657	0.0009
2005.1268	0.4787	0.0009
2005.2792	0.4858	0.0009
2005.4316	0.4763	0.0009
2005.584	0.4747	0.0009
2005.7364	0.4717	0.0009
2005.8888	0.4765	0.0009
2006.0412	0.4656	0.0009
2006.1936	0.4642	0.0009
2006.346	0.4617	0.0009
2006.4984	0.4545	0.0101
2006.6508	0.4597	0.0163
2006.8032	0.4626	0.0132
2006.9556	0.4608	0.0101
2007.108	0.4681	0
2007.2604	0.5262	0
2007.4128	0.4743	0
2007.5652	0.4593	0
2007.7176	0.4506	0
2007.87	0.4522	0
2008.0224	0.4501	0
2008.1748	0.4515	0
2008.3272	0.4544	0.009
2008.4796	0.4531	0
2008.632	0.4544	0
2008.7844	0.4493	0
2008.9368	0.4428	0
2009.0892	0.4577	0
2009.2416	0.4589	0
2009.394	0.4535	0
2009.5464	0.4462	0
2009.6988	0.438	0
2009.8512	0.4493	0
2010.0036	0.4641	0
2010.156	0.4589	0
2010.3084	0.4612	0
2010.4608	0.4658	0
2010.6132	0.4688	0
2010.7656	0.4637	0
2010.918	0.4641	0
2011.0704	0.4657	0
2011.2228	0.4688	0
2011.3752	0.4584	0
2011.5276	0.4631	0
2011.68	0.4622	0
2011.8324	0.4547	0
2011.9848	0.4318	0
2012.1372	0.4435	0
2012.2896	0.4563	0
2012.442	0.4558	0
2012.5944	0.4594	0
2012.7468	0.4759	0
2012.8992	0.4636	0
2013.0516	0.4741	0
2013.204	0.4549	0
2013.3564	0.4572	0
2013.5088	0.4398	0
2013.6612	0.4407	0
2013.8136	0.4365	0
2013.966	0.4451	0
2014.1184	0.446	0
2014.2708	0.4434	0
2014.4232	0.4414	0
2014.5756	0.4362	0
2014.728	0.4313	0
2014.8804	0.4346	0
2015.0328	0.4329	0
2015.1852	0.4424	0
2015.3376	0.4591	0
2015.49	0.4604	0
2015.6424	0.4658	0
2015.7948	0.4604	0
2015.9472	0.4523	0
2016.0996	0.4426	0
2016.252	0.4483	0
2016.4044	0.442	0
2016.5568	0.4404	0
2016.7092	0.4394	0
2016.8616	0.4377	0
2017.014	0.4342	0
2017.1664	0.4455	0
2017.3188	0.4309	0
2017.4712	0.4387	0
2017.6236	0.4333	0
2017.776	0.4326	0
2017.9284	0.4361	0
2018.0808	0.423	0
2018.2332	0.4333	0
2018.3856	0.4294	0
2018.538	0.428	0
2018.6904	0.433	0
2018.8428	0.4322	0
2018.9952	0.4324	0
2019.1476	0.4345	0
2019.3	0.4401	0
2019.4524	0.4377	0
2019.6048	0.4314	0
2019.7572	0.4384	0
2019.9096	0.4346	0
2020.062	0.4385	0
2020.2144	0.4241	0
2020.3668	0.4225	0
2020.5192	0.4233	0
2020.6716	0.4211	0
2020.824	0.4198	0
2020.9764	0.4265	0
2021.1288	0.4312	0
2021.2812	0.4308	0
2021.4336	0.4484	0
2021.586	0.4436	0
2021.7384	0.4703	0
2021.8908	0.5035	0
2022.0432	0.472	0
2022.1956	0.4615	0
2022.348	0.4497	0
2022.5004	0.4559	0
2022.6528	0.433	0
2022.8052	0.4297	0
2022.9576	0.4192	0
2023.11	0.4232	0
2023.2624	0.4274	0
2023.4148	0.417	0
2023.5672	0.4196	0
2023.7196	0.4216	0
2023.872	0.4241	0
2024.0244	0.4486	0
2024.1768	0.4558	0
2024.3292	0.4503	0
2024.4816	0.4441	0
2024.634	0.4418	0
2024.7864	0.4354	0
2024.9388	0.442	0
2025.0912	0.4264	0
2025.2436	0.4418	0
2025.396	0.4716	0
2025.5484	0.4875	0
2025.7008	0.4745	0
2025.8532	0.4782	0
2026.0056	0.4729	0
2026.158	0.4787	0
2026.3104	0.476	0
2026.4628	0.4674	0
2026.6152	0.4579	0
2026.7676	0.457	0
2026.92	0.4642	0
2027.0724	0.4644	0
2027.2248	0.4609	0
2027.3772	0.4566	0
2027.5296	0.4628	0
2027.682	0.467	0
2027.8344	0.4663	0
2027.9868	0.4595	0
2028.1392	0.459	0
2028.2916	0.4514	0
2028.444	0.4449	0
2028.5964	0.43	0
2028.7488	0.4369	0
2028.9012	0.4605	0
2029.0536	0.4422	0
2029.206	0.4664	0
2029.3584	0.5071	0
2029.5108	0.5125	0
2029.6632	0.5177	0
2029.8156	0.5212	0
2029.968	0.5611	0
2030.1204	0.5352	0
2030.2728	0.5355	0
2030.4252	0.5397	0
2030.5776	0.5324	0
2030.73	0.5278	0
2030.8824	0.5278	0
2031.0348	0.5176	0
2031.1872	0.5301	0
2031.3396	0.5148	0
2031.492	0.5381	0
2031.6444	0.5431	0
2031.7968	0.5274	0
2031.9492	0.5282	0
2032.1016	0.5235	0
2032.254	0.5157	0
2032.4064	0.5119	0
2032.5588	0.513	0
2032.7112	0.5178	0
2032.8636	0.5181	0
2033.016	0.5086	0
2033.1684	0.5128	0
2033.3208	0.5148	0
2033.4732	0.5187	0
2033.6256	0.519	0
2033.778	0.515	0
2033.9304	0.513	0
2034.0828	0.5157	0
2034.2352	0.5084	0
2034.3876	0.4881	0
2034.54	0.4647	0
2034.6924	0.4603	0
2034.8448	0.4492	0
2034.9972	0.4488	0
2035.1496	0.4547	0
2035.302	0.4541	0
2035.4544	0.4891	0
2035.6068	0.4444	0
2035.7592	0.4648	0
2035.9116	0.4481	0
2036.064	0.4352	0
2036.2164	0.4331	0
2036.3688	0.4235	0
2036.5212	0.4196	0
2036.6736	0.4178	0
2036.826	0.4178	0
2036.9784	0.4225	0
2037.1308	0.4193	0
2037.2832	0.4238	0
2037.4356	0.4231	0
2037.588	0.4181	0
2037.7404	0.4122	0
2037.8928	0.4193	0
2038.0452	0.4231	0
2038.1976	0.424	0
2038.35	0.4164	0
2038.5024	0.4162	0
2038.6548	0.4168	0
2038.8072	0.4119	0
2038.9596	0.4115	0
2039.112	0.4185	0
2039.2644	0.4176	0
2039.4168	0.4221	0
2039.5692	0.4247	0
2039.7216	0.4257	0
2039.874	0.4253	0
2040.0264	0.4229	0
2040.1788	0.4244	0
2040.3312	0.4306	0
2040.4836	0.4244	0
2040.636	0.442	0
2040.7884	0.4562	0
2040.9408	0.4566	0
2041.0932	0.461	0
2041.2456	0.4543	0
2041.398	0.4582	0
2041.5504	0.4331	0
2041.7028	0.4235	0
2041.8552	0.4226	0
2042.0076	0.4135	0
2042.16	0.4318	0
2042.3124	0.4279	0
2042.4648	0.4338	0
2042.6172	0.4317	0
2042.7696	0.4356	0
2042.922	0.4389	0
2043.0744	0.4404	0
2043.2268	0.4451	0
2043.3792	0.4451	0
2043.5316	0.4511	0
2043.684	0.4496	0
2043.8364	0.4534	0
2043.9888	0.4482	0
2044.1412	0.4466	0
2044.2936	0.4443	0
2044.446	0.445	0
2044.5984	0.4479	0
2044.7508	0.4418	0
2044.9032	0.4431	0
2045.0556	0.4319	0
2045.208	0.434	0
2045.3604	0.4357	0
2045.5128	0.445	0
2045.6652	0.4257	0
2045.8176	0.4301	0
2045.97	0.4442	0
2046.1224	0.4275	0
2046.2748	0.4382	0
2046.4272	0.4363	0
2046.5796	0.4454	0
2046.732	0.4504	0
2046.8844	0.4386	0
2047.0368	0.44	0
2047.1892	0.433	0
2047.3416	0.4469	0
2047.494	0.444	0
2047.6464	0.4462	0
2047.7988	0.4467	0
2047.9512	0.4543	0
2048.1036	0.4262	0
2048.256	0.4474	0
2048.4084	0.4525	0
2048.5608	0.4404	0
2048.7132	0.4522	0
2048.8656	0.4308	0
2049.018	0.434	0
2049.1704	0.4429	0
2049.3228	0.4465	0
2049.4752	0.4453	0
2049.6276	0.4483	0
2049.78	0.4544	0
2049.9324	0.4611	0
2050.0848	0.4703	0
2050.2372	0.478	0
2050.3896	0.4698	0
2050.542	0.4682	0
2050.6944	0.4402	0
2050.8468	0.4421	0
2050.9992	0.4228	0
2051.1516	0.4331	0
2051.304	0.423	0
2051.4564	0.4213	0
2051.6088	0.4325	0
2051.7612	0.3918	0
2051.9136	0.3996	0
2052.066	0.4081	0
2052.2184	0.4183	0
2052.3708	0.4237	0
2052.5232	0.429	0
2052.6756	0.4207	0
2052.828	0.4158	0
2052.9804	0.4229	0
2053.1328	0.4327	0
2053.2852	0.4252	0
2053.4376	0.4279	0
2053.59	0.4174	0
2053.7424	0.4277	0
2053.8948	0.4255	0
2054.0472	0.4245	0
2054.1996	0.4253	0
2054.352	0.4174	0
2054.5044	0.4182	0
2054.6568	0.4183	0
2054.8092	0.4158	0
2054.9616	0.4192	0
2055.114	0.4082	0
2055.2664	0.4143	0
2055.4188	0.4125	0
2055.5712	0.4123	0
2055.7236	0.408	0
2055.876	0.4053	0
2056.0284	0.41	0
2056.1808	0.4064	0
2056.3332	0.4082	0
2056.4856	0.4109	0
2056.638	0.4171	0
2056.7904	0.4093	0
2056.9428	0.4143	0
2057.0952	0.4119	0
2057.2476	0.4073	0
2057.4	0.4087	0
2057.5524	0.418	0
2057.7048	0.4175	0
2057.8572	0.4099	0
2058.0096	0.4137	0
2058.162	0.4141	0
2058.3144	0.4031	0
2058.4668	0.4098	0
2058.6192	0.4012	0
2058.7716	0.4117	0
2058.924	0.4127	0
2059.0764	0.4043	0
2059.2288	0.401	0
2059.3812	0.4057	0
2059.5336	0.4176	0
2059.686	0.4218	0
2059.8384	0.4074	0
2059.9908	0.4082	0
2060.1432	0.4093	0
2060.2956	0.3981	0
2060.448	0.4121	0
2060.6004	0.4067	0
2060.7528	0.409	0
2060.9052	0.4022	0
2061.0576	0.4022	0
2061.21	0.4012	0
2061.3624	0.4035	0
2061.5148	0.4118	0
2061.6672	0.4121	0
2061.8196	0.4152	0
2061.972	0.4122	0
2062.1244	0.4187	0
2062.2768	0.4112	0
2062.4292	0.4124	0
2062.5816	0.4041	0
2062.734	0.3974	0
2062.8864	0.4015	0
2063.0388	0.4103	0
2063.1912	0.411	0
2063.3436	0.4203	0
2063.496	0.4249	0
2063.6484	0.4202	0
2063.8008	0.4089	0
2063.9532	0.4225	0
2064.1056	0.4089	0
2064.258	0.3989	0
2064.4104	0.4066	0
2064.5628	0.4011	0
2064.7152	0.4346	0
2064.8676	0.4327	0
2065.02	0.4416	0
2065.1724	0.4508	0
2065.3248	0.4592	0
2065.4772	0.4722	0
2065.6296	0.4457	0
2065.782	0.4351	0
2065.9344	0.4389	0
2066.0868	0.4334	0
2066.2392	0.4414	0
2066.3916	0.4257	0
2066.544	0.4249	0
2066.6964	0.4413	0
2066.8488	0.4324	0
2067.0012	0.4366	0
2067.1536	0.4313	0
2067.306	0.4371	0
2067.4584	0.4269	0
2067.6108	0.4618	0
2067.7632	0.4531	0
2067.9156	0.4529	0
2068.068	0.4523	0
2068.2204	0.4615	0
2068.3728	0.5056	0
2068.5252	0.4686	0
2068.6776	0.4698	0
2068.83	0.4761	0
2068.9824	0.4821	0
2069.1348	0.4766	0
2069.2872	0.4771	0
2069.4396	0.5025	0
2069.592	0.4795	0
2069.7444	0.4749	0
2069.8968	0.4645	0
2070.0492	0.4648	0
2070.2016	0.4657	0
2070.354	0.4588	0
2070.5064	0.4542	0
2070.6588	0.4576	0
2070.8112	0.4604	0
2070.9636	0.4759	0
2071.116	0.4953	0
2071.2684	0.4933	0
2071.4208	0.5059	0
2071.5732	0.5066	0
2071.7256	0.501	0
2071.878	0.4946	0
2072.0304	0.4741	0
2072.1828	0.468	0
2072.3352	0.4623	0
2072.4876	0.443	0
2072.64	0.4346	0
2072.7924	0.4264	0
2072.9448	0.4331	0
2073.0972	0.4401	0
2073.2496	0.4411	0
2073.402	0.4494	0
2073.5544	0.4544	0
2073.7068	0.4456	0
2073.8592	0.4608	0
2074.0116	0.4782	0
2074.164	0.4907	0
2074.3164	0.4957	0
2074.4688	0.4848	0
2074.6212	0.4904	0
2074.7736	0.4634	0
2074.926	0.4688	0
2075.0784	0.4655	0
2075.2308	0.4482	0
2075.3832	0.4535	0
2075.5356	0.4575	0
2075.688	0.457	0
2075.8404	0.4564	0
2075.9928	0.4631	0
2076.1452	0.4646	0
2076.2976	0.4661	0
2076.45	0.4489	0
2076.6024	0.4756	0
2076.7548	0.4636	0
2076.9072	0.468	0
2077.0596	0.4673	0
2077.212	0.4803	-9999
2077.3644	0.4958	-9999
2077.5168	0.4853	-9999
2077.6692	0.4757	-9999
2077.8216	0.4897	-9999
2077.974	0.4875	-9999
2078.1264	0.4844	-9999
2078.2788	0.4844	-9999
2078.4312	0.4995	-9999
2078.5836	0.5005	-9999
2078.736	0.488	-9999
2078.8884	0.4965	-9999
2079.0408	0.5092	-9999
2079.1932	0.4916	-9999
2079.3456	0.4936	-9999
2079.498	0.4893	-9999
2079.6504	0.5043	-9999
2079.8028	0.4965	-9999
2079.9552	0.487	-9999
2080.1076	0.4983	-9999
2080.26	0.5005	-9999
2080.4124	0.4803	-9999
2080.5648	0.4872	-9999
2080.7172	0.4994	-9999
2080.8696	0.4993	-9999
2081.022	0.5011	-9999
2081.1744	0.503	-9999
2081.3268	0.5024	-9999
2081.4792	0.4965	-9999
2081.6316	0.5096	-9999
2081.784	0.5042	-9999
2081.9364	0.5168	-9999
2082.0888	0.5062	-9999
2082.2412	0.5058	-9999
2082.3936	0.5	-9999
2082.546	0.4944	-9999
2082.6984	0.5093	-9999
2082.8508	0.5048	-9999
2083.0032	0.5094	-9999
2083.1556	0.5013	-9999
2083.308	0.5213	-9999
2083.4604	0.5106	-9999
2083.6128	0.502	-9999
2083.7652	0.4956	-9999
2083.9176	0.4898	-9999
2084.07	0.4884	-9999
2084.2224	0.4923	-9999
2084.3748	0.4887	-9999
2084.5272	0.4971	-9999
2084.6796	0.502	-9999
2084.832	0.5005	-9999
2084.9844	0.503	-9999
2085.1368	0.4803	-9999
2085.2892	0.4989	-9999
2085.4416	0.5036	-9999
2085.594	0.5041	-9999
2085.7464	0.5023	-9999
2085.8988	0.5094	-9999
2086.0512	0.5097	-9999
2086.2036	0.51	-9999
2086.356	0.5056	-9999
2086.5084	0.5122	-9999
2086.6608	0.5152	-9999
2086.8132	0.5202	-9999
2086.9656	0.521	-9999
2087.118	0.5046	-9999
2087.2704	0.5021	-9999
2087.4228	0.4647	-9999
2087.5752	0.4544	-9999
2087.7276	0.4421	-9999
2087.88	0.441	-9999
2088.0324	0.4434	-9999
2088.1848	0.4486	-9999
2088.3372	0.445	-9999
2088.4896	0.4435	-9999
2088.642	0.4457	-9999
2088.7944	0.4474	-9999
2088.9468	0.4408	-9999
2089.0992	0.4323	-9999
2089.2516	0.4382	-9999
2089.404	0.429	-9999
2089.5564	0.4418	-9999
2089.7088	0.4423	-9999
2089.8612	0.435	-9999
2090.0136	0.4198	-9999
2090.166	0.4323	-9999
2090.3184	0.4294	-9999
2090.4708	0.4363	-9999
2090.6232	0.4504	-9999
2090.7756	0.4409	-9999
2090.928	0.4405	-9999
2091.0804	0.4362	-9999
2091.2328	0.4414	-9999
2091.3852	0.4426	-9999
2091.5376	0.4471	-9999
2091.69	0.4353	-9999
2091.8424	0.4443	-9999
2091.9948	0.4318	-9999
2092.1472	0.4285	-9999
2092.2996	0.4374	-9999
2092.452	0.4275	-9999
2092.6044	0.4363	-9999
2092.7568	0.4322	-9999
2092.9092	0.4366	-9999
2093.0616	0.4475	-9999
2093.214	0.4197	-9999
2093.3664	0.4384	-9999
2093.5188	0.4356	-9999
2093.6712	0.4332	-9999
2093.8236	0.4326	-9999
2093.976	0.4246	-9999
2094.1284	0.4398	-9999
2094.2808	0.4382	-9999
2094.4332	0.4404	-9999
2094.5856	0.448	-9999
2094.738	0.4366	-9999
2094.8904	0.4353	-9999
2095.0428	0.4328	-9999
2095.1952	0.4221	-9999
2095.3476	0.4308	-9999
2095.5	0.4255	-9999
2095.6524	0.432	-9999
2095.8048	0.4351	-9999
2095.9572	0.4491	-9999
2096.1096	0.4297	-9999
2096.262	0.4259	-9999
2096.4144	0.4256	-9999
2096.5668	0.4256	-9999
2096.7192	0.424	-9999
2096.8716	0.4335	-9999
2097.024	0.4391	-9999
2097.1764	0.4305	-9999
2097.3288	0.4309	-9999
2097.4812	0.4316	-9999
2097.6336	0.4363	-9999
2097.786	0.4397	-9999
2097.9384	0.444	-9999
2098.0908	0.4285	-9999
2098.2432	0.4328	-9999
2098.3956	0.4388	-9999
2098.548	-9999	-9999
2098.7004	-9999	-9999
2098.8528	-9999	-9999
2099.0052	-9999	-9999
2099.1576	-9999	-9999
2099.31	-9999	-9999
2099.4624	-9999	-9999
2099.6148	-9999	-9999
2099.7672	-9999	-9999
2099.9196	-9999	-9999
2100.072	-9999	-9999
2100.2244	-9999	-9999
2100.3768	-9999	-9999
2100.5292	-9999	-9999
2100.6816	-9999	-9999
2100.834	-9999	-9999
2100.9864	-9999	-9999
2101.1388	-9999	-9999
2101.2912	-9999	-9999
2101.4436	-9999	-9999
2101.596	-9999	-9999
2101.7484	-9999	-9999
2101.9008	-9999	-9999
2102.0532	-9999	-9999
2102.2056	-9999	-9999
2102.358	-9999	-9999
2102.5104	-9999	-9999
2102.6628	-9999	-9999
2102.8152	-9999	-9999
2102.9676	-9999	-9999
2103.12	-9999	-9999
2103.2724	-9999	-9999
2103.4248	-9999	-9999
2103.5772	-9999	-9999
2103.7296	-9999	-9999
2103.882	-9999	-9999
2104.0344	-9999	-9999
2104.1868	-9999	-9999
2104.3392	-9999	-9999
2104.4916	-9999	-9999
2104.644	-9999	-9999
2104.7964	-9999	-9999
2104.9488	-9999	-9999
2105.1012	-9999	-9999
2105.2536	-9999	-9999
2105.406	-9999	-9999
2105.5584	-9999	-9999
2105.7108	-9999	-9999
2105.8632	-9999	-9999
2106.0156	-9999	-9999
2106.168	-9999	-9999
2106.3204	-9999	-9999
2106.4728	-9999	-9999
2106.6252	-9999	-9999
2106.7776	-9999	-9999
2106.93	-9999	-9999
2107.0824	-9999	-9999
2107.2348	-9999	-9999
2107.3872	-9999	-9999
2107.5396	-9999	-9999
2107.692	-9999	-9999
2107.8444	-9999	-9999
