深度        孔隙度     含水合物饱和度
1515	-9999	-9999
1515.1	-9999	-9999
1515.2	-9999	-9999
1515.3	-9999	-9999
1515.4	-9999	-9999
1515.5	-9999	-9999
1515.6	-9999	-9999
1515.7	-9999	-9999
1515.8	-9999	-9999
1515.9	-9999	-9999
1516	-9999	-9999
1516.1	-9999	-9999
1516.2	-9999	-9999
1516.3	-9999	-9999
1516.4	-9999	-9999
1516.5	-9999	-9999
1516.6	-9999	-9999
1516.7	-9999	-9999
1516.8	-9999	-9999
1516.9	-9999	-9999
1517	-9999	-9999
1517.1	-9999	-9999
1517.2	0.7920456	0
1517.3	0.7814502	0
1517.4	0.76692	0
1517.5	0.7393996	0
1517.6	0.7009013	0
1517.7	0.7181726	0
1517.8	0.7034818	0
1517.9	0.6547157	0
1518	0.6175808	0
1518.1	0.5915295	0
1518.2	0.5791891	0
1518.3	0.5633867	0
1518.4	0.541153	0
1518.5	0.509302	0
1518.6	0.4904201	0
1518.7	0.4782582	0
1518.8	0.475178	0
1518.9	0.4830292	0
1519	0.4962538	0
1519.1	0.5165305	0
1519.2	0.522708	0
1519.3	0.5269571	0
1519.4	0.5384273	0
1519.5	0.5368273	0
1519.6	0.5298883	0
1519.7	0.5218991	0
1519.8	0.5082577	0
1519.9	0.4914804	0
1520	0.4725318	0
1520.1	0.4619389	0
1520.2	0.4559925	0
1520.3	0.4465504	0
1520.4	0.4465888	0
1520.5	0.4544266	0
1520.6	0.4772307	0
1520.7	0.5020813	0
1520.8	0.5287329	0
1520.9	0.5483359	0
1521	0.5719277	0
1521.1	0.599841	0
1521.2	0.6210505	0
1521.3	0.6424283	0
1521.4	0.6644331	0
1521.5	0.6788191	0
1521.6	0.6929123	0
1521.7	0.7077741	0
1521.8	0.7208192	0.007790684
1521.9	0.732354	0.048438
1522	0.7414887	0.1895284
1522.1	0.7469007	0.2349427
1522.2	0.7502453	0.2415974
1522.3	0.75061	0.2513573
1522.4	0.7548614	0.2575777
1522.5	0.7634911	0.2606841
1522.6	0.7821835	0.2555916
1522.7	0.7923276	0.2498843
1522.8	0.7995642	0.2441658
1522.9	0.8088339	0.2423698
1523	0.8055531	0.2324591
1523.1	0.7967471	0.2162225
1523.2	0.7921765	0.198714
1523.3	0.7953155	0.1810832
1523.4	0.8022181	0.1633376
1523.5	0.8000663	0.152719
1523.6	0.7935323	0.1452572
1523.7	0.7840152	0.1413188
1523.8	0.7803686	0.1454412
1523.9	0.7717	0.1472868
1524	0.7584696	0.1453277
1524.1	0.7508039	0.1411781
1524.2	0.742083	0.1350094
1524.3	0.7322001	0.1258612
1524.4	0.7241963	0.113287
1524.5	0.7156326	0.1007961
1524.6	0.7061941	0.08975986
1524.7	0.6883504	0.07848645
1524.8	0.6727901	0.06786989
1524.9	0.6624116	0.05913189
1525	0.654175	0.06183833
1525.1	0.6524511	0.07165762
1525.2	0.6631063	0.09278137
1525.3	0.6680073	0.1005877
1525.4	0.6747242	0.1051261
1525.5	0.6894667	0.1202855
1525.6	0.6897268	0.1238941
1525.7	0.6874761	0.1214131
1525.8	0.6919022	0.1187198
1525.9	0.6827574	0.1126573
1526	0.6695923	0.1041549
1526.1	0.6627718	0.09273221
1526.2	0.6531926	0.07800651
1526.3	0.6441121	0.06199535
1526.4	0.6466709	0.08105738
1526.5	0.6512995	0.1098704
1526.6	0.6572152	0.1479772
1526.7	0.6630998	0.1929862
1526.8	0.67176	0.229412
1526.9	0.6824895	0.2558257
1527	0.6923114	0.2752015
1527.1	0.7048723	0.3066596
1527.2	0.7199615	0.3557104
1527.3	0.7400509	0.4194052
1527.4	0.7581032	0.4775174
1527.5	0.7738543	0.5229974
1527.6	0.7994427	0.5599908
1527.7	0.8246593	0.597203
1527.8	0.8486378	0.6382133
1527.9	0.8717542	0.6805283
1528	0.8900692	0.7184018
1528.1	0.9005749	0.7434929
1528.2	0.8867553	0.7457711
1528.3	0.8677444	0.7391861
1528.4	0.8467549	0.7285219
1528.5	0.8158535	0.7021996
1528.6	0.7853667	0.6667706
1528.7	0.7621599	0.620124
1528.8	0.7378144	0.5736554
1528.9	0.7162526	0.5276841
1529	0.7051224	0.4844531
1529.1	0.7017124	0.4540503
1529.2	0.7040203	0.4341082
1529.3	0.7175652	0.4377408
1529.4	0.7386122	0.4577299
1529.5	0.7604873	0.4903752
1529.6	0.7630709	0.5107563
1529.7	0.7581422	0.524397
1529.8	0.7485882	0.5315095
1529.9	0.7404566	0.5234045
1530	0.7380973	0.5175616
1530.1	0.7391526	0.5146645
1530.2	0.7150654	0.508411
1530.3	0.6994548	0.5023273
1530.4	0.6917952	0.4968136
1530.5	0.6818255	0.4501628
1530.6	0.6725723	0.4010032
1530.7	0.6641548	0.3565258
1530.8	0.6579645	0.3453826
1530.9	0.6525393	0.3439791
1531	0.6479883	0.3499141
1531.1	0.6502978	0.3505263
1531.2	0.6548671	0.35142
1531.3	0.661907	0.3569006
1531.4	0.6651039	0.3555281
1531.5	0.6663859	0.3544534
1531.6	0.6651102	0.3627949
1531.7	0.6655765	0.3808286
1531.8	0.6673222	0.4009943
1531.9	0.6712819	0.4110447
1532	0.6689735	0.4179614
1532.1	0.6619759	0.4214147
1532.2	0.6460997	0.4124262
1532.3	0.633748	0.3987784
1532.4	0.6223549	0.3821423
1532.5	0.6085784	0.3669374
1532.6	0.5998841	0.3595101
1532.7	0.5948743	0.3580841
1532.8	0.5965676	0.3458652
1532.9	0.5950037	0.3365545
1533	0.5913222	0.3301059
1533.1	0.5874488	0.3168786
1533.2	0.5864817	0.3108185
1533.3	0.5879605	0.3134736
1533.4	0.5937901	0.3217816
1533.5	0.5989051	0.3323477
1533.6	0.6033391	0.3455916
1533.7	0.6066053	0.3544001
1533.8	0.6090264	0.361768
1533.9	0.6104878	0.3676096
1534	0.6134064	0.3715681
1534.1	0.6139902	0.3784204
1534.2	0.6111658	0.3924684
1534.3	0.6097247	0.3976689
1534.4	0.6098458	0.4017984
1534.5	0.6123623	0.4095781
1534.6	0.6158368	0.4155116
1534.7	0.6190147	0.4168737
1534.8	0.6211863	0.4039975
1534.9	0.6209621	0.390605
1535	0.6194303	0.3786469
1535.1	0.6160422	0.37493
1535.2	0.6128276	0.3671548
1535.3	0.6089219	0.357227
1535.4	0.602419	0.3479648
1535.5	0.5994489	0.3374199
1535.6	0.6000721	0.3261099
1535.7	0.6104306	0.3161465
1535.8	0.6176147	0.3088983
1535.9	0.6223198	0.3039822
1536	0.6216782	0.3028307
1536.1	0.6220273	0.3005019
1536.2	0.622268	0.2969957
1536.3	0.6137934	0.2867672
1536.4	0.6066898	0.2800967
1536.5	0.6007815	0.2779401
1536.6	0.5979189	0.2712016
1536.7	0.5979078	0.2691597
1536.8	0.6006585	0.2745708
1536.9	0.5999936	0.2845241
1537	0.6002424	0.2927185
1537.1	0.601629	0.2966108
1537.2	0.5997409	0.3113398
1537.3	0.5987906	0.3235638
1537.4	0.5994986	0.3252435
1537.5	0.6029156	0.3299245
1537.6	0.6079384	0.3336368
1537.7	0.6151697	0.3322386
1537.8	0.6159884	0.3283802
1537.9	0.6154361	0.3225571
1538	0.6145601	0.3127118
1538.1	0.6075774	0.3012612
1538.2	0.5979536	0.2878145
1538.3	0.5854964	0.2679043
1538.4	0.5771739	0.2617204
1538.5	0.5720044	0.2626512
1538.6	0.5729694	0.2589633
1538.7	0.5750154	0.2608445
1538.8	0.5777037	0.2666882
1538.9	0.581212	0.2742356
1539	0.5798761	0.2752308
1539.1	0.5750486	0.2708458
1539.2	0.5641448	0.2719522
1539.3	0.5556535	0.2723715
1539.4	0.5495818	0.2720925
1539.5	0.553374	0.274849
1539.6	0.5565243	0.2759309
1539.7	0.5591561	0.2748415
1539.8	0.5618694	0.2666801
1539.9	0.5625554	0.2593905
1540	0.5612463	0.254281
1540.1	0.5612715	0.2492662
1540.2	0.5608992	0.2415171
1540.3	0.5600203	0.2287097
1540.4	0.556242	0.2230936
1540.5	0.5527924	0.219303
1540.6	0.5501268	0.2162719
1540.7	0.5459396	0.2199468
1540.8	0.5414311	0.2238248
1540.9	0.5367063	0.2227958
1541	0.5403559	0.2261232
1541.1	0.5456154	0.231607
1541.2	0.5508026	0.2392289
1541.3	0.5549006	0.2428142
1541.4	0.5582727	0.2453791
1541.5	0.5604377	0.2523764
1541.6	0.5640362	0.2570159
1541.7	0.5683203	0.2599469
1541.8	0.5732649	0.2600323
1541.9	0.5788723	0.2603294
1542	0.5835696	0.2598821
1542.1	0.5822989	0.2463762
1542.2	0.5887169	0.2436406
1542.3	0.5974913	0.2499522
1542.4	0.5923755	0.2484235
1542.5	0.5897169	0.2453476
1542.6	0.5885871	0.2406745
1542.7	0.5856953	0.2373378
1542.8	0.5900488	0.2363648
1542.9	0.6003491	0.2382964
1543	0.6094546	0.2669579
1543.1	0.6183191	0.2973425
1543.2	0.6269425	0.3268102
1543.3	0.6303889	0.3485643
1543.4	0.636439	0.3715389
1543.5	0.6458005	0.3989214
1543.6	0.6488091	0.4074534
1543.7	0.6479066	0.4112352
1543.8	0.6419613	0.4133281
1543.9	0.6347212	0.4152037
1544	0.6269987	0.4124632
1544.1	0.6187231	0.3962073
1544.2	0.6099165	0.3774869
1544.3	0.6029354	0.3589281
1544.4	0.600297	0.3445935
1544.5	0.5990983	0.3235615
1544.6	0.6000939	0.3028429
1544.7	0.6062061	0.3008714
1544.8	0.6072301	0.2975772
1544.9	0.6060996	0.2942092
1545	0.603745	0.2965932
1545.1	0.6030524	0.2992249
1545.2	0.6032462	0.3018834
1545.3	0.6041173	0.3021991
1545.4	0.6155166	0.3016179
1545.5	0.6307297	0.3002361
1545.6	0.6298772	0.2968646
1545.7	0.6269724	0.2927209
1545.8	0.6216972	0.287767
1545.9	0.6033195	0.2804334
1546	0.5902505	0.2684459
1546.1	0.581567	0.2506486
1546.2	0.5697331	0.2260818
1546.3	0.5599983	0.2096213
1546.4	0.5523967	0.2066966
1546.5	0.5532374	0.2103768
1546.6	0.5527579	0.2142875
1546.7	0.5503521	0.2167223
1546.8	0.5508969	0.2124348
1546.9	0.5525897	0.2095871
1547	0.5556403	0.2136731
1547.1	0.5639228	0.208956
1547.2	0.5696086	0.2037511
1547.3	0.5691509	0.2049508
1547.4	0.5704345	0.2035751
1547.5	0.5689343	0.2006712
1547.6	0.5602323	0.195582
1547.7	0.5552079	0.1909013
1547.8	0.5513383	0.1861494
1547.9	0.5478103	0.1799077
1548	0.5427882	0.1702814
1548.1	0.5385547	0.1607404
1548.2	0.5394067	0.169208
1548.3	0.5371853	0.1737016
1548.4	0.5332019	0.1751523
1548.5	0.5274237	0.1738159
1548.6	0.5223325	0.1708299
1548.7	0.5187596	0.1664305
1548.8	0.5241074	0.1667085
1548.9	0.5301714	0.17
1549	0.5364499	0.1765042
1549.1	0.5385268	0.1797509
1549.2	0.5381078	0.1815398
1549.3	0.5355638	0.1816184
1549.4	0.5331103	0.1831392
1549.5	0.5332366	0.1833712
1549.6	0.5360266	0.1813506
1549.7	0.537845	0.1832967
1549.8	0.5374187	0.1868566
1549.9	0.5342219	0.1923369
1550	0.5274128	0.1925856
1550.1	0.5201624	0.1906034
1550.2	0.512718	0.1860724
1550.3	0.5079131	0.1660115
1550.4	0.5059723	0.1462673
1550.5	0.5086719	0.1420395
1550.6	0.5125982	0.1495332
1550.7	0.5156379	0.1594899
1550.8	0.5159981	0.1608514
1550.9	0.5162326	0.1567125
1551	0.5143188	0.1502894
1551.1	0.5061364	0.1461716
1551.2	0.50199	0.1408892
1551.3	0.4990436	0.1367502
1551.4	0.4948961	0.1492175
1551.5	0.4961228	0.1608829
1551.6	0.4997782	0.1714655
1551.7	0.5028906	0.1730691
1551.8	0.5021462	0.1698485
1551.9	0.4992606	0.1623516
1552	0.497237	0.1639247
1552.1	0.4915141	0.1500544
1552.2	0.483671	0.1194538
1552.3	0.483893	0.1194422
1552.4	0.4852447	0.121768
1552.5	0.4875658	0.1253158
1552.6	0.4891946	0.1288761
1552.7	0.4889084	0.1289826
1552.8	0.4866129	0.1235465
1552.9	0.4929818	0.1276625
1553	0.49723	0.1322439
1553.1	0.4983674	0.1346721
1553.2	0.5031126	0.1469788
1553.3	0.5071324	0.1587687
1553.4	0.5095137	0.1636266
1553.5	0.5100666	0.1608487
1553.6	0.509196	0.153553
1553.7	0.5061407	0.1394204
1553.8	0.5035355	0.1332692
1553.9	0.500793	0.1311456
1554	0.497489	0.1326485
1554.1	0.4971182	0.1266363
1554.2	0.496892	0.1168578
1554.3	0.4944776	0.1068934
1554.4	0.4939304	0.09885161
1554.5	0.4937956	0.09233246
1554.6	0.4924633	0.08905432
1554.7	0.4929497	0.08714115
1554.8	0.4939163	0.0865164
1554.9	0.4926979	0.09118887
1555	0.4974298	0.1015926
1555.1	0.5054879	0.1172025
1555.2	0.5118362	0.1322894
1555.3	0.5158742	0.1487695
1555.4	0.5181018	0.1667833
1555.5	0.5180156	0.1732487
1555.6	0.5142039	0.1731845
1555.7	0.5071509	0.1651722
1555.8	0.50454	0.1510521
1555.9	0.5008464	0.1354774
1556	0.4959984	0.1185876
1556.1	0.4988983	0.1008756
1556.2	0.5003846	0.08343543
1556.3	0.4996249	0.06682028
1556.4	0.5025304	0.0564822
1556.5	0.5046598	0.04998437
1556.6	0.5050074	0.04940784
1556.7	0.5077819	0.05481401
1556.8	0.5102653	0.06305347
1556.9	0.511442	0.07434896
1557	0.5199454	0.07121596
1557.1	0.5285906	0.06253154
1557.2	0.5335733	0.05507736
1557.3	0.5392268	0.05125405
1557.4	0.5470158	0.04946539
1557.5	0.5607939	0.04888899
1557.6	0.5731126	0.04515562
1557.7	0.5829207	0.03968087
1557.8	0.5847588	0.03644245
1557.9	0.5897415	0.03659941
1558	0.5955413	0.03928763
1558.1	0.5972093	0.04086465
1558.2	0.595188	0.04649093
1558.3	0.5909768	0.05585498
1558.4	0.5870653	0.05516157
1558.5	0.5850257	0.05777641
1558.6	0.5841755	0.06413717
1558.7	0.5798848	0.05876928
1558.8	0.573965	0.04884934
1558.9	0.566604	0.03361947
1559	0.5629899	0.02255033
1559.1	0.5602278	0.01510901
1559.2	0.5583887	0.01292108
1559.3	0.5543565	0.006402114
1559.4	0.5510051	0.003746671
1559.5	0.5486814	0.01054811
1559.6	0.5489807	0.006879975
1559.7	0.5505372	0.001849989
1559.8	0.5536843	-0.000118878
1559.9	0.5534301	-0.001581505
1560	0.5528017	-0.004143475
1560.1	0.5525278	-0.01088553
1560.2	0.552022	-0.008476877
1560.3	0.5513381	-0.003181695
1560.4	0.5503469	-0.00182233
1560.5	0.5504506	-0.00867929
1560.6	0.551917	-0.01726914
1560.7	0.5566273	-0.009978148
1560.8	0.5562664	-0.009683797
1560.9	0.5540938	-0.01289644
1561	0.5527629	-0.006483453
1561.1	0.5520682	0.006538196
1561.2	0.5530961	0.02424762
1561.3	0.5624832	0.03185192
1561.4	0.5699978	0.0413803
1561.5	0.5763606	0.05271344
1561.6	0.5826845	0.06279922
1561.7	0.5868368	0.0703435
1561.8	0.5891157	0.07501018
1561.9	0.5864663	0.08393751
1562	0.5843114	0.08409631
1562.1	0.5826058	0.07179717
1562.2	0.5802433	0.05778077
1562.3	0.5799982	0.04337627
1562.4	0.5820839	0.02865307
1562.5	0.5842324	0.01417579
1562.6	0.5871296	0.005487407
1562.7	0.591023	0.008785115
1562.8	0.5908377	0.01386305
1562.9	0.5919592	0.01462948
1563	0.5959194	0.002918541
1563.1	0.5974269	-8.21E-05
1563.2	0.6003103	0.001189707
1563.3	0.6067923	0.007201383
1563.4	0.6156754	0.01438806
1563.5	0.6232985	0.01982798
1563.6	0.6263063	0.01505985
1563.7	0.6338031	0.01343357
1563.8	0.6410584	0.01267675
1563.9	0.6429424	0.006803393
1564	0.6434639	0.01501155
1564.1	0.6419837	0.03102745
1564.2	0.6342399	0.03318203
1564.3	0.6349953	0.0405859
1564.4	0.6392625	0.05209088
1564.5	0.6386828	0.06297155
1564.6	0.6407648	0.07310565
1564.7	0.6444224	0.08252817
1564.8	0.647256	0.08084574
1564.9	0.6487306	0.07844102
1565	0.6489774	0.07535773
1565.1	0.6450086	0.06329563
1565.2	0.6409172	0.05745573
1565.3	0.6367128	0.06115539
1565.4	0.6339594	0.05368899
1565.5	0.6309735	0.04342253
1565.6	0.627721	0.03066911
1565.7	0.6205141	0.01734406
1565.8	0.6170447	0.0136278
1565.9	0.6189476	0.03055472
1566	0.6194447	0.03835095
1566.1	0.6190828	0.04720416
1566.2	0.6175546	0.06514933
1566.3	0.6162137	0.06683484
1566.4	0.6174773	0.0657607
1566.5	0.6240101	0.07410315
1566.6	0.6239561	0.08021466
1566.7	0.6252577	0.08633638
1566.8	0.6341747	0.09698232
1566.9	0.6374928	0.1041246
1567	0.6374897	0.1082283
1567.1	0.6324738	0.1043706
1567.2	0.6257628	0.09230882
1567.3	0.6184661	0.07622269
1567.4	0.6116738	0.07571189
1567.5	0.604227	0.08213731
1567.6	0.5968099	0.09340677
1567.7	0.591724	0.08365379
1567.8	0.5942695	0.10161
1567.9	0.6007006	0.1464028
1568	0.5972604	0.1980319
1568.1	0.5918685	0.2524929
1568.2	0.5846408	0.3101476
1568.3	0.5695672	0.3622031
1568.4	0.5528182	0.4201347
1568.5	0.5344976	0.4869989
1568.6	0.5003892	0.5469965
1568.7	0.4762885	0.6125088
1568.8	0.4637089	0.6891699
1568.9	0.4513903	0.7280986
1569	0.4401896	0.7591761
1569.1	0.4305114	0.7888166
1569.2	0.4174975	0.8058513
1569.3	0.4107153	0.8198199
1569.4	0.4151066	0.834456
1569.5	0.4208405	0.8435246
1569.6	0.4275397	0.8527264
1569.7	0.4357505	0.8691919
1569.8	0.4364427	0.8748904
1569.9	0.4343773	0.8755293
1570	0.4300091	0.8744516
1570.1	0.4279	0.8781196
1570.2	0.4259026	0.8822351
1570.3	0.4217608	0.8713002
1570.4	0.4150476	0.8694184
1570.5	0.4074512	0.8734865
1570.6	0.4007568	0.8765163
1570.7	0.39687	0.8704097
1570.8	0.3945871	0.8572419
1570.9	0.3931703	0.8563644
1571	0.3902016	0.8560766
1571.1	0.3857565	0.8563689
1571.2	0.3761215	0.8461569
1571.3	0.3729432	0.8455402
1571.4	0.3750827	0.8566261
1571.5	0.3837691	0.8614597
1571.6	0.3917471	0.8617979
1571.7	0.3990499	0.856275
1571.8	0.402987	0.8661059
1571.9	0.4078302	0.8748674
1572	0.4137674	0.8781459
1572.1	0.4169323	0.8766119
1572.2	0.4206497	0.8747468
1572.3	0.4253914	0.874233
1572.4	0.4233378	0.8719207
1572.5	0.4235832	0.8725128
1572.6	0.4291898	0.8825509
1572.7	0.4265566	0.8865312
1572.8	0.4211675	0.888324
1572.9	0.4131582	0.889902
1573	0.407611	0.8846571
1573.1	0.4048394	0.876386
1573.2	0.4078083	0.8681678
1573.3	0.4099954	0.8635139
1573.4	0.4121458	0.860602
1573.5	0.4150818	0.8560156
1573.6	0.4184499	0.8478373
1573.7	0.4225782	0.8378642
1573.8	0.4293987	0.8361402
1573.9	0.4396782	0.8319424
1574	0.4508013	0.8258456
1574.1	0.4550927	0.8254948
1574.2	0.4593964	0.8229882
1574.3	0.4636229	0.8183256
1574.4	0.4668674	0.8170944
1574.5	0.465406	0.816494
1574.6	0.460281	0.8165565
1574.7	0.4580092	0.8146226
1574.8	0.4549214	0.813193
1574.9	0.4510435	0.8127359
1575	0.4609862	0.8105354
1575.1	0.4569957	0.809289
1575.2	0.4363852	0.8101991
1575.3	0.4328254	0.808333
1575.4	0.4282022	0.80445
1575.5	0.4203973	0.7972953
1575.6	0.4150793	0.8125101
1575.7	0.4104473	0.8302113
1575.8	0.4064661	0.8374479
1575.9	0.4097965	0.8509921
1576	0.4134943	0.8633233
1576.1	0.4149726	0.8627361
1576.2	0.4178247	0.8606241
1576.3	0.4221487	0.8604712
1576.4	0.4295079	0.8738295
1576.5	0.4330688	0.8812592
1576.6	0.4349042	0.8835863
1576.7	0.435256	0.8724415
1576.8	0.4352408	0.8667369
1576.9	0.4344819	0.863575
1577	0.430914	0.8438765
1577.1	0.4272348	0.8218117
1577.2	0.4238605	0.7982558
1577.3	0.4230685	0.79883
1577.4	0.4193233	0.7950563
1577.5	0.4140701	0.7868646
1577.6	0.4144193	0.7804085
1577.7	0.4112369	0.7750176
1577.8	0.4057424	0.7708778
1577.9	0.419489	0.7640254
1578	0.4199941	0.7710308
1578.1	0.4074679	0.7991574
1578.2	0.4145257	0.8182189
1578.3	0.4185553	0.8277897
1578.4	0.4184955	0.8222515
1578.5	0.419658	0.8223305
1578.6	0.4198686	0.8262764
1578.7	0.4185688	0.8364037
1578.8	0.4175135	0.8301066
1578.9	0.4174506	0.8228451
1579	0.4190953	0.8262448
1579.1	0.4253305	0.8190886
1579.2	0.4325747	0.8098229
1579.3	0.4400584	0.8072407
1579.4	0.4434565	0.8051272
1579.5	0.4447358	0.8039939
1579.6	0.4431723	0.8068697
1579.7	0.4436809	0.7975993
1579.8	0.444652	0.7839791
1579.9	0.4446587	0.7909895
1580	0.440964	0.7976714
1580.1	0.435757	0.8047075
1580.2	0.4312187	0.8202891
1580.3	0.4242209	0.8231637
1580.4	0.4169615	0.8152604
1580.5	0.4177535	0.8102185
1580.6	0.4220735	0.8069376
1580.7	0.4294931	0.805475
1580.8	0.4460425	0.7902061
1580.9	0.46576	0.7563677
1581	0.4881721	0.6998472
1581.1	0.5139008	0.6386586
1581.2	0.5315149	0.5814766
1581.3	0.5410144	0.5310246
1581.4	0.5503961	0.4947942
1581.5	0.551728	0.4571389
1581.6	0.5433037	0.4129028
1581.7	0.5432541	0.3628842
1581.8	0.5428131	0.3101882
1581.9	0.5408359	0.2541271
1582	0.5492524	0.2426868
1582.1	0.557719	0.2463141
1582.2	0.5637122	0.2564338
1582.3	0.5669394	0.2608095
1582.4	0.5656652	0.2602302
1582.5	0.5555326	0.2486913
1582.6	0.5497888	0.2290257
1582.7	0.5442229	0.2082186
1582.8	0.5357223	0.2019266
1582.9	0.5279022	0.204257
1583	0.521437	0.2101505
1583.1	0.5191002	0.2040054
1583.2	0.513839	0.188577
1583.3	0.5075055	0.1672645
1583.4	0.5024664	0.1573652
1583.5	0.5011634	0.1539549
1583.6	0.5015867	0.1562947
1583.7	0.4991495	0.1695648
1583.8	0.4966173	0.1733393
1583.9	0.493957	0.1671515
1584	0.4904392	0.1670874
1584.1	0.486245	0.1674745
1584.2	0.4813921	0.1681449
1584.3	0.4720349	0.1714644
1584.4	0.4670208	0.1777176
1584.5	0.4664198	0.1881439
1584.6	0.4682056	0.1943639
1584.7	0.4705759	0.1982433
1584.8	0.4735816	0.198879
1584.9	0.4791533	0.2057309
1585	0.4823056	0.2068568
1585.1	0.4815124	0.191119
1585.2	0.4800547	0.1823009
1585.3	0.4801978	0.1747763
1585.4	0.4834612	0.1649767
1585.5	0.4870047	0.1604026
1585.6	0.4906805	0.1571801
1585.7	0.4945263	0.1513959
1585.8	0.4965546	0.1469436
1585.9	0.4959943	0.1418948
1586	0.4894004	0.1299577
1586.1	0.4842318	0.1254456
1586.2	0.4806313	0.1256412
1586.3	0.4810143	0.1285011
1586.4	0.4815882	0.1346962
1586.5	0.4821889	0.1424055
1586.6	0.4824672	0.1349279
1586.7	0.4808652	0.1384914
1586.8	0.4782056	0.1516849
1586.9	0.4756939	0.1546075
1587	0.4764674	0.1611384
1587.1	0.4796193	0.1715162
1587.2	0.4838893	0.1731791
1587.3	0.4855619	0.1736355
1587.4	0.4850429	0.1730008
1587.5	0.4858193	0.1678452
1587.6	0.48465	0.1669939
1587.7	0.4814717	0.1736199
1587.8	0.4815617	0.1700255
1587.9	0.4812134	0.1666495
1588	0.4801809	0.1668205
1588.1	0.4811802	0.1676532
1588.2	0.485406	0.1736045
1588.3	0.4942834	0.1916045
1588.4	0.4994937	0.1951301
1588.5	0.5029076	0.1931813
1588.6	0.503964	0.1878185
1588.7	0.5054647	0.1793583
1588.8	0.5080506	0.1688142
1588.9	0.5129468	0.1546625
1589	0.5175115	0.1450053
1589.1	0.5221452	0.137321
1589.2	0.5272683	0.1283646
1589.3	0.5301502	0.1054015
1589.4	0.5309975	0.07763731
1589.5	0.5271722	0.08262248
1589.6	0.5248981	0.08778422
1589.7	0.5228652	0.09272402
1589.8	0.5181887	0.09124774
1589.9	0.5159894	0.09620683
1590	0.5153691	0.106945
1590.1	0.5158755	0.1242211
1590.2	0.5150495	0.139176
1590.3	0.5133439	0.1516162
1590.4	0.5127302	0.1709015
1590.5	0.5098522	0.1738511
1590.6	0.505037	0.1549082
1590.7	0.5021027	0.153097
1590.8	0.5036111	0.1526023
1590.9	0.5097809	0.1514351
1591	0.5111187	0.1450795
1591.1	0.5096148	0.1332891
1591.2	0.504724	0.1124279
1591.3	0.4973886	0.1083999
1591.4	0.492035	0.1048147
1591.5	0.490103	0.09268892
1591.6	0.4912947	0.09422841
1591.7	0.4909346	0.09862088
1591.8	0.4867098	0.09868065
1591.9	0.4852977	0.1021967
1592	0.4834828	0.1065004
1592.1	0.4792417	0.1083494
1592.2	0.474074	0.1014382
1592.3	0.4689453	0.09011007
1592.4	0.4647642	0.0784071
1592.5	0.4652818	0.07816579
1592.6	0.4680494	0.08365396
1592.7	0.4726519	0.07694372
1592.8	0.47472	0.07282539
1592.9	0.4752432	0.07125753
1593	0.473924	0.08180894
1593.1	0.474822	0.09118574
1593.2	0.4766239	0.09949555
1593.3	0.4748974	0.09840087
1593.4	0.4732901	0.09852391
1593.5	0.4719988	0.09998747
1593.6	0.4745809	0.1050446
1593.7	0.4738774	0.1152598
1593.8	0.4703087	0.1321262
1593.9	0.4698529	0.115681
1594	0.4679313	0.101323
1594.1	0.464447	0.09614213
1594.2	0.4580338	0.08114869
1594.3	0.4518518	0.06805108
1594.4	0.4461268	0.0620893
1594.5	0.4416746	0.06684421
1594.6	0.4373442	0.07127637
1594.7	0.4330119	0.06847469
1594.8	0.4358833	0.06946367
1594.9	0.4392835	0.07548829
1595	0.4415092	0.09393954
1595.1	0.4449508	0.09538949
1595.2	0.4467623	0.09008051
1595.3	0.443957	0.08528128
1595.4	0.442171	0.07985815
1595.5	0.4406792	0.07256402
1595.6	0.4391452	0.05571589
1595.7	0.4369743	0.04942112
1595.8	0.4355322	0.04914753
1595.9	0.4380953	0.04337124
1596	0.4391023	0.04556096
1596.1	0.4402934	0.05336298
1596.2	0.446916	0.05146696
1596.3	0.4510124	0.05089499
1596.4	0.4534681	0.05154521
1596.5	0.4548556	0.05524839
1596.6	0.4555879	0.06063304
1596.7	0.4562812	0.06788491
1596.8	0.4650588	0.08409773
1596.9	0.4698758	0.09649362
1597	0.4711379	0.1030365
1597.1	0.4688772	0.1018217
1597.2	0.4681429	0.09869433
1597.3	0.4690622	0.09382334
1597.4	0.4707563	0.09730908
1597.5	0.47119	0.09903836
1597.6	0.4699197	0.09419497
1597.7	0.4682429	0.08616859
1597.8	0.4643454	0.07163192
1597.9	0.4569515	0.04234978
1598	0.4616792	0.03426063
1598.1	0.4672583	0.03240035
1598.2	0.4706205	0.02851678
1598.3	0.4721611	0.02913529
1598.4	0.4696969	0.02999964
1598.5	0.4583744	0.02371978
1598.6	0.4516908	0.0159973
1598.7	0.447795	0.008672986
1598.8	0.4481903	0.00859959
1598.9	0.4517473	0.0130423
1599	0.45637	0.02055761
1599.1	0.4601993	0.03024364
1599.2	0.4624067	0.04010021
1599.3	0.4640049	0.04998094
1599.4	0.4667741	0.05727768
1599.5	0.4652452	0.06065769
1599.6	0.4615048	0.06036389
1599.7	0.4617469	0.05243349
1599.8	0.4591756	0.04824445
1599.9	0.4548694	0.04837842
1600	0.4579068	0.04911555
1600.1	0.4565165	0.04725236
1600.2	0.4511043	0.04174884
1600.3	0.4519891	0.044223
1600.4	0.4552556	0.04615672
1600.5	0.4611441	0.04561484
1600.6	0.4632622	0.04569366
1600.7	0.4687943	0.05074883
1600.8	0.479143	0.06595462
1600.9	0.4881369	0.07794331
1601	0.4963099	0.0866674
1601.1	0.5033783	0.0889376
1601.2	0.5091236	0.09207182
1601.3	0.5145021	0.09296757
1601.4	0.5195901	0.08531919
1601.5	0.5249469	0.08033442
1601.6	0.5311587	0.07583133
1601.7	0.5393649	0.06842063
1601.8	0.542176	0.05638191
1601.9	0.5440114	0.04380308
1602	0.5482032	0.04363129
1602.1	0.5466071	0.04556447
1602.2	0.5433337	0.0476124
1602.3	0.5429271	0.03611214
1602.4	0.5382106	0.02490941
1602.5	0.5318947	0.01374063
1602.6	0.5291499	-0.002779095
1602.7	0.5249183	-0.01345612
1602.8	0.5200724	-0.01856433
1602.9	0.5183129	-0.006049432
1603	0.5169026	-0.001895479
1603.1	0.5160007	-0.007647118
1603.2	0.5203772	0.00133778
1603.3	0.5224919	0.01007459
1603.4	0.5225188	0.01714263
1603.5	0.5171307	0.01214626
1603.6	0.5114474	0.006958184
1603.7	0.5054579	0.003949501
1603.8	0.5048655	0.01120251
1603.9	0.5038611	0.01433411
1604	0.5018949	0.004677221
1604.1	0.5019623	0.006732557
1604.2	0.5008277	0.008400287
1604.3	0.4973233	0.000996838
1604.4	0.4948144	-0.005413456
1604.5	0.4925921	-0.01015868
1604.6	0.4906029	-0.01029476
1604.7	0.4872679	-0.007270504
1604.8	0.4844801	-0.005231337
1604.9	0.4839433	-0.0141454
1605	0.4844517	-0.006129372
1605.1	0.4850264	0.007541503
1605.2	0.4847039	-0.001823792
1605.3	0.4885277	0.003041497
1605.4	0.4932196	0.01686927
1605.5	0.4941778	0.02647072
1605.6	0.4981397	0.0253152
1605.7	0.5037797	0.01641684
1605.8	0.5102495	0.0331479
1605.9	0.5162547	0.04530498
1606	0.5210261	0.05303215
1606.1	0.5160626	0.03662548
1606.2	0.5131411	0.03012548
1606.3	0.5116202	0.0357157
1606.4	0.5058286	0.03855206
1606.5	0.4999048	0.04045383
1606.6	0.4938568	0.04129051
1606.7	0.4846249	0.03605096
1606.8	0.4757686	0.03576068
1606.9	0.4673687	0.04545706
1607	0.4617068	0.04905435
1607.1	0.4556364	0.0516113
1607.2	0.4487776	0.054431
1607.3	0.4423727	0.04193633
1607.4	0.4380819	0.0290433
1607.5	0.4372709	0.02604754
1607.6	0.4304333	0.01851315
1607.7	0.4246753	0.01476557
1607.8	0.423424	0.02998083
1607.9	0.423162	0.03911147
1608	0.4272086	0.04692652
1608.1	0.4419085	0.06120223
1608.2	0.4546793	0.07684251
1608.3	0.4662842	0.09343506
1608.4	0.4760947	0.1115183
1608.5	0.4827132	0.1187482
1608.6	0.4880349	0.1187067
1608.7	0.4935637	0.1182295
1608.8	0.4933103	0.1061569
1608.9	0.4905803	0.08482638
1609	0.4915025	0.06880557
1609.1	0.4978033	0.07262773
1609.2	0.5067039	0.09597791
1609.3	0.5061415	0.09239536
1609.4	0.5099343	0.08394879
1609.5	0.5168605	0.07035527
1609.6	0.5160551	0.06429569
1609.7	0.5145465	0.0592293
1609.8	0.5123675	0.05480641
1609.9	0.509434	0.04849403
1610	0.5053889	0.03848558
1610.1	0.5000703	0.02234712
1610.2	0.4975511	0.01629952
1610.3	0.4967172	0.01079768
1610.4	0.4979984	0.002134166
1610.5	0.4935182	-0.004710662
1610.6	0.4899217	-0.004954735
1610.7	0.489041	0.01183921
1610.8	0.491953	0.03270172
1610.9	0.4926288	0.05241692
1611	0.4870628	0.06277921
1611.1	0.481526	0.07502892
1611.2	0.47663	0.0849537
1611.3	0.4734294	0.07920423
1611.4	0.4661691	0.07282205
1611.5	0.4600268	0.06514305
1611.6	0.462496	0.05051902
1611.7	0.4647721	0.03224718
1611.8	0.4677466	0.01257383
1611.9	0.4743779	0.006706752
1612	0.4752273	0.003200361
1612.1	0.4739684	0.001409858
1612.2	0.4793715	-0.009784596
1612.3	0.4808151	-0.01896707
1612.4	0.4798744	-0.02613756
1612.5	0.481366	-0.03644731
1612.6	0.4822068	-0.04162823
1612.7	0.4828013	-0.04049742
1612.8	0.4916683	-0.02809025
1612.9	0.498304	-0.02459829
1613	0.5027787	-0.03554913
1613.1	0.506431	-0.03086456
1613.2	0.5093897	-0.02330551
1613.3	0.5115499	-0.01440351
1613.4	0.5110351	-0.01223357
1613.5	0.5110667	-0.008693137
1613.6	0.512139	0.000980633
1613.7	0.5083263	0.003919107
1613.8	0.5050237	0.006218271
1613.9	0.5036892	0.0119793
1614	0.5031796	0.0270532
1614.1	0.5005625	0.03886587
1614.2	0.4930435	0.02614015
1614.3	0.4908779	0.01636724
1614.4	0.4897783	0.0087619
1614.5	0.4877502	0.005379867
1614.6	0.4859255	0.006306815
1614.7	0.4844418	0.01045827
1614.8	0.4839191	0.02071164
1614.9	0.4852482	0.01592959
1615	0.4868248	0.000839348
1615.1	0.4856991	-0.0135099
1615.2	0.4879441	-0.009867109
1615.3	0.492226	0.008578767
1615.4	0.4979626	0.01337897
1615.5	0.4975662	0.01989555
1615.6	0.4936061	0.0281562
1615.7	0.4960272	0.03368599
1615.8	0.4964507	0.03101672
1615.9	0.4954495	0.01834199
1616	0.5012721	0.02084936
1616.1	0.5053704	0.02560154
1616.2	0.5077718	0.03184783
1616.3	0.5126938	0.0380852
1616.4	0.515763	0.04800046
1616.5	0.5165604	0.0646887
1616.6	0.5169749	0.06817964
1616.7	0.5162077	0.07282288
1616.8	0.5137667	0.08638074
1616.9	0.5155142	0.0901765
1617	0.5158002	0.09345155
1617.1	0.5125108	0.1032154
1617.2	0.5126224	0.1074016
1617.3	0.5121998	0.109676
1617.4	0.5091281	0.1124462
1617.5	0.5095816	0.1088444
1617.6	0.5099378	0.1041472
1617.7	0.5073789	0.1091537
1617.8	0.5039859	0.1000179
1617.9	0.5004572	0.08428574
1618	0.4974991	0.08042672
1618.1	0.4980626	0.0753231
1618.2	0.5004008	0.06923183
1618.3	0.5037666	0.06144997
1618.4	0.5085099	0.05431935
1618.5	0.5134118	0.04752313
1618.6	0.5138915	0.0271743
1618.7	0.5118111	0.0132029
1618.8	0.5078669	0.00581634
1618.9	0.5022661	9.23E-05
1619	0.4964605	0.000231678
1619.1	0.4906092	0.007644729
1619.2	0.4897704	0.01607619
1619.3	0.4868092	0.02209962
1619.4	0.4817257	0.02431509
1619.5	0.4773985	0.02515908
1619.6	0.4737811	0.03585407
1619.7	0.4710016	0.06538273
1619.8	0.4735217	0.07542
1619.9	0.4741279	0.07898891
1620	0.4713041	0.07717913
1620.1	0.4778555	0.07593764
1620.2	0.4797398	0.07220617
1620.3	0.4708685	0.0605968
1620.4	0.4768163	0.05871815
1620.5	0.483311	0.06128806
1620.6	0.4843113	0.06702992
1620.7	0.4855772	0.05881704
1620.8	0.4852285	0.04455738
1620.9	0.4800764	0.03311197
1621	0.4724042	0.01784242
1621.1	0.4657195	0.003764082
1621.2	0.4660651	0.01791544
1621.3	0.4668724	0.02016256
1621.4	0.4682226	0.01487455
1621.5	0.4712735	0.02438541
1621.6	0.4754977	0.04196997
1621.7	0.4797816	0.06618406
1621.8	0.4794908	0.06078731
1621.9	0.4795439	0.05804105
1622	0.4800785	0.05807563
1622.1	0.483965	0.06662376
1622.2	0.4836761	0.06701629
1622.3	0.4798312	0.0566243
1622.4	0.4732448	0.05163039
1622.5	0.4714589	0.04792899
1622.6	0.4745508	0.04546452
1622.7	0.4680629	0.0106724
1622.8	0.4652103	-0.01464595
1622.9	0.4671771	-0.01252301
1623	0.4678518	-0.01206114
1623.1	0.4728877	-0.008222819
1623.2	0.4846245	0.004513216
1623.3	0.489323	0.001647601
1623.4	0.4925733	-0.005326523
1623.5	0.4949917	-0.01078685
1623.6	0.4897916	-0.009902896
1623.7	0.4830637	-0.008020288
1623.8	0.4764609	-0.01181722
1623.9	0.4708269	-0.02301884
1624	0.4662743	-0.0352785
1624.1	0.4640702	-0.0336413
1624.2	0.4665287	-0.03849381
1624.3	0.4712043	-0.04779246
1624.4	0.4778219	-0.06227678
1624.5	0.4770224	-0.07863639
1624.6	0.4733982	-0.09534696
1624.7	0.4729336	-0.09508232
1624.8	0.4687474	-0.09458639
1624.9	0.4635783	-0.09382933
1625	0.4675032	-0.08592194
1625.1	0.4726469	-0.07790814
1625.2	0.4788594	-0.06978089
1625.3	0.4882148	-0.07027776
1625.4	0.4932193	-0.06660832
1625.5	0.4945247	-0.0570846
1625.6	0.4962884	-0.04739852
1625.7	0.4955811	-0.0396277
1625.8	0.4923223	-0.03490258
1625.9	0.4992759	-0.02432586
1626	0.4996307	-0.01455524
1626.1	0.4912993	-0.008137376
1626.2	0.4865311	-0.0116678
1626.3	0.4840184	-0.01568604
1626.4	0.4844736	-0.01544798
1626.5	0.4880274	-0.006330927
1626.6	0.4909132	0.003673009
1626.7	0.491695	0.008114413
1626.8	0.4904833	0.0166028
1626.9	0.4906233	0.02481504
1627	0.4949108	0.02543861
1627.1	0.4983309	0.03171695
1627.2	0.5012443	0.04115158
1627.3	0.5033972	0.05286715
1627.4	0.505337	0.06361529
1627.5	0.5075514	0.07352979
1627.6	0.5111481	0.08118793
1627.7	0.5156528	0.08865549
1627.8	0.5212672	0.09535216
1627.9	0.5305742	0.09055255
1628	0.5355452	0.09734418
1628.1	0.5383095	0.1144257
1628.2	0.5437015	0.113595
1628.3	0.5438006	0.111722
1628.4	0.5402181	0.1087198
1628.5	0.538026	0.101934
1628.6	0.5346191	0.09840436
1628.7	0.5302042	0.0993851
1628.8	0.5293818	0.1027638
1628.9	0.525952	0.09913529
1629	0.5197867	0.08387613
1629.1	0.5104096	0.06887405
1629.2	0.4985318	0.05080602
1629.3	0.483624	0.02659635
1629.4	0.47872	0.009963219
1629.5	0.4752232	-0.000675142
1629.6	0.472486	-0.000829797
1629.7	0.4718367	-0.004565382
1629.8	0.4727296	-0.006160381
1629.9	0.4759576	0.002525955
1630	0.482217	0.01111871
1630.1	0.4887282	0.02085724
1630.2	0.4942554	0.03557378
1630.3	0.4986142	0.0509581
1630.4	0.5026954	0.06585847
1630.5	0.5069811	0.0759092
1630.6	0.5097061	0.07930186
1630.7	0.5115948	0.07705902
1630.8	0.5125176	0.06017569
1630.9	0.5108461	0.04756464
1631	0.5084613	0.03878721
1631.1	0.5090338	0.04264094
1631.2	0.5074337	0.03663195
1631.3	0.5042267	0.02166369
1631.4	0.498264	0.01646956
1631.5	0.4938715	0.01496488
1631.6	0.4907659	0.0175217
1631.7	0.4901843	0.02847413
1631.8	0.487509	0.03589358
1631.9	0.4829868	0.03802564
1632	0.4778407	0.0435314
1632.1	0.4743679	0.04810406
1632.2	0.4726793	0.05056975
1632.3	0.4729989	0.04212416
1632.4	0.4745695	0.03509983
1632.5	0.4776503	0.0346283
1632.6	0.4754303	0.03798258
1632.7	0.4763252	0.03892705
1632.8	0.4829398	0.0315041
1632.9	0.4785661	0.02532107
1633	0.476834	0.0225332
1633.1	0.4835873	0.02946889
1633.2	0.4843057	0.02523685
1633.3	0.4847892	0.01873522
1633.4	0.4880027	0.02194172
1633.5	0.4780756	0.002678842
1633.6	0.4669023	-0.02469259
1633.7	0.4641674	-0.03202914
1633.8	0.4630223	-0.03374795
1633.9	0.4630528	-0.03241848
1634	0.4653696	-0.03556661
1634.1	0.4637473	-0.04394915
1634.2	0.4606496	-0.05563609
1634.3	0.4601267	-0.05262018
1634.4	0.460295	-0.04978792
1634.5	0.4615589	-0.04712518
1634.6	0.4689338	-0.03636159
1634.7	0.4751425	-0.0266822
1634.8	0.4803812	-0.01825202
1634.9	0.4835874	-0.01676272
1635	0.4847468	-0.02144271
1635.1	0.4840657	-0.03398641
1635.2	0.4807136	-0.03471871
1635.3	0.4761521	-0.03334552
1635.4	0.4702802	-0.03065613
1635.5	0.4697495	-0.02693619
1635.6	0.4736203	-0.02276199
1635.7	0.4829552	-0.01802385
1635.8	0.4901986	-0.01972172
1635.9	0.494898	-0.01714627
1636	0.4958566	0.000452262
1636.1	0.4939041	0.01491993
1636.2	0.4913197	0.02497623
1636.3	0.488423	0.02377443
1636.4	0.4907303	0.01857687
1636.5	0.4946851	0.0128561
1636.6	0.4997347	0.01212344
1636.7	0.5020434	0.01764479
1636.8	0.50341	0.02668646
1636.9	0.5044743	0.03762494
1637	0.4996319	0.03140066
1637.1	0.4933583	0.0154536
1637.2	0.4909213	0.01150945
1637.3	0.4920707	0.01343505
1637.4	0.4955331	0.01980232
1637.5	0.5021483	0.02386719
1637.6	0.5018092	0.01326595
1637.7	0.497005	-0.01109188
1637.8	0.4902927	-0.005648275
1637.9	0.480782	0.002989599
1638	0.4702457	0.01498536
1638.1	0.4808998	0.01898692
1638.2	0.4862725	0.01841269
1638.3	0.4868475	0.01217443
1638.4	0.483634	-0.002880297
1638.5	0.4792433	-0.01818945
1638.6	0.4735568	-0.03220056
1638.7	0.47109	-0.0238861
1638.8	0.4706379	-0.01505745
1638.9	0.4726616	-0.01350534
1639	0.4771184	-0.01448346
1639.1	0.4810578	-0.01337019
1639.2	0.4837311	-0.005111472
1639.3	0.4885552	0.01817119
1639.4	0.492157	0.04169177
1639.5	0.4925719	0.04924153
1639.6	0.4948504	0.05756595
1639.7	0.4961483	0.06536356
1639.8	0.4938574	0.06927753
1639.9	0.4939489	0.07030024
1640	0.4961759	0.06927831
1640.1	0.5028802	0.06478123
1640.2	0.5048063	0.06678193
1640.3	0.5033273	0.07155909
1640.4	0.4954878	0.06092919
1640.5	0.4913293	0.05037856
1640.6	0.4879539	0.03935352
1640.7	0.4779477	0.01395655
1640.8	0.4797248	0.002924793
1640.9	0.4876071	0.00558487
1641	0.4832466	0.01640744
1641.1	0.4802169	0.02892229
1641.2	0.4784815	0.0432775
1641.3	0.4828773	0.05144099
1641.4	0.4841535	0.05575502
1641.5	0.4825503	0.05521982
1641.6	0.4803277	0.05624566
1641.7	0.4784306	0.05879428
1641.8	0.4769004	0.06363351
1641.9	0.4777059	0.06053194
1642	0.4734865	0.05421114
1642.1	0.4622667	0.04416839
1642.2	0.4651817	0.03364218
1642.3	0.4672453	0.01849742
1642.4	0.4652893	-0.008677188
1642.5	0.4651866	-0.006745374
1642.6	0.4646001	0.000514575
1642.7	0.4623625	-0.007737757
1642.8	0.4602923	-0.00787867
1642.9	0.4573268	-0.006346655
1643	0.4519537	-0.01325781
1643.1	0.4513336	-0.01313776
1643.2	0.4512746	-0.009045094
1643.3	0.4479946	-0.003455231
1643.4	0.4442045	0.002472045
1643.5	0.4398349	0.007890143
1643.6	0.4338287	0.004908673
1643.7	0.4281965	0.006201626
1643.8	0.4227015	0.01033443
1643.9	0.416853	-0.002882316
1644	0.4130014	-0.0101351
1644.1	0.4108709	-0.01161176
1644.2	0.4134571	0.004109871
1644.3	0.414948	0.01455718
1644.4	0.4154514	0.01848461
1644.5	0.4125766	0.02190876
1644.6	0.4119743	0.02385354
1644.7	0.4135034	0.0237361
1644.8	0.419197	0.0292743
1644.9	0.4252485	0.03129743
1645	0.4316687	0.02593251
1645.1	0.4367383	0.03917894
1645.2	0.4398994	0.04944666
1645.3	0.4405355	0.0455934
1645.4	0.4400303	0.03160586
1645.5	0.4393988	0.01868608
1645.6	0.4387779	0.01595225
1645.7	0.4350459	0.005799958
1645.8	0.4321097	-0.00413832
1645.9	0.4319975	-0.004267756
1646	0.4354244	0.005464563
1646.1	0.4397193	0.01863803
1646.2	0.4439698	0.02764123
1646.3	0.4484508	0.03040326
1646.4	0.4504646	0.03087555
1646.5	0.4438672	0.03912252
1646.6	0.441126	0.03886869
1646.7	0.4400894	0.0336078
1646.8	0.4394319	0.03637284
1646.9	0.4407346	0.03803881
1647	0.4429326	0.03876511
1647.1	0.4442584	0.03783678
1647.2	0.4464007	0.03605089
1647.3	0.4491641	0.03342105
1647.4	0.4529595	0.009926376
1647.5	0.4542015	-0.0103751
1647.6	0.4535412	-0.02635916
1647.7	0.4556691	-0.03556271
1647.8	0.4527132	-0.04094859
1647.9	0.4449117	-0.04151296
1648	0.4488114	-0.02314739
1648.1	0.4472736	-0.01446451
1648.2	0.4392905	-0.02741136
1648.3	0.4436502	-0.02103306
1648.4	0.444041	-0.0164876
1648.5	0.437754	-0.02434358
1648.6	0.4386624	-0.02752639
1648.7	0.4411959	-0.02549298
1648.8	0.4450243	-0.01242247
1648.9	0.4430308	-0.008066155
1649	0.4405379	-0.007500648
1649.1	0.4392701	-0.009581351
1649.2	0.4422857	0.00473524
1649.3	0.4471409	0.02311895
1649.4	0.4539818	0.02550102
1649.5	0.4609134	0.04055693
1649.6	0.4690303	0.06075082
1649.7	0.4811475	0.06724563
1649.8	0.4869345	0.06962989
1649.9	0.4897103	0.06867865
1650	0.4910891	0.06064932
1650.1	0.4982587	0.06109227
1650.2	0.5076963	0.06808944
1650.3	0.5115292	0.05744294
1650.4	0.5152712	0.04971181
1650.5	0.5191815	0.04489605
1650.6	0.5257115	0.02841864
1650.7	0.5295441	0.03210402
1650.8	0.5308943	0.06058222
1650.9	0.5223135	0.05530184
1651	0.5165683	0.04565796
1651.1	0.5135694	0.03344081
1651.2	0.512183	0.02255802
1651.3	0.5101918	0.01665533
1651.4	0.5074597	0.01943244
1651.5	0.5094429	0.02719595
1651.6	0.5063717	0.03505431
1651.7	0.495627	0.04086358
1651.8	0.488043	0.02373794
1651.9	0.4813087	0.002376213
1652	0.4753625	-0.01305785
1652.1	0.4741732	-0.007811131
1652.2	0.4724015	0.002199758
1652.3	0.4674082	0.002346035
1652.4	0.46966	0.008180983
1652.5	0.4703178	0.01362267
1652.6	0.4614249	0.00390928
1652.7	0.4542196	0.01252976
1652.8	0.4507134	0.03278564
1652.9	0.4582636	0.06312063
1653	0.463123	0.0786091
1653.1	0.4652009	0.08289915
1653.2	0.4595462	0.07394432
1653.3	0.4539479	0.07210843
1653.4	0.4497558	0.07630794
1653.5	0.455281	0.0838429
1653.6	0.4546011	0.08668758
1653.7	0.4510238	0.08476633
1653.8	0.4625108	0.06266497
1653.9	0.4623504	0.04320044
1654	0.4532213	0.02770111
1654.1	0.4609053	0.02219037
1654.2	0.4652182	0.0226103
1654.3	0.4662136	0.03069388
1654.4	0.4662774	0.03304084
1654.5	0.4628115	0.02778106
1654.6	0.4551576	0.01001281
1654.7	0.4629044	0.01038202
1654.8	0.4703861	0.01457893
1654.9	0.4758527	0.01891323
1655	0.4804676	0.02141084
1655.1	0.4828955	0.01990296
1655.2	0.4816338	0.008259648
1655.3	0.4767763	0.000952751
1655.4	0.4746362	-0.002836599
1655.5	0.4800438	0.000722513
1655.6	0.4838366	0.002797245
1655.7	0.486623	0.00227298
1655.8	0.4878152	-0.008295748
1655.9	0.4801827	-0.009947505
1656	0.4723342	-0.005955122
1656.1	0.4749559	0.002324361
1656.2	0.4754866	0.01660327
1656.3	0.4761262	0.03355477
1656.4	0.481914	0.02811418
1656.5	0.4836151	0.02348874
1656.6	0.483098	0.01958826
1656.7	0.4828809	0.01756808
1656.8	0.4830292	0.01683152
1656.9	0.4838084	0.0174203
1657	0.4895258	0.01310843
1657.1	0.4903103	0.009384663
1657.2	0.4871378	0.006600203
1657.3	0.4885103	0.01242147
1657.4	0.486918	0.01781244
1657.5	0.4823609	0.0214057
1657.6	0.4811833	0.002235376
1657.7	0.4795028	-0.00866513
1657.8	0.4771118	0.002188802
1657.9	0.4787589	0.01616703
1658	0.4803421	-9999
1658.1	0.4813689	-9999
1658.2	0.4849842	-9999
1658.3	0.4848677	-9999
1658.4	0.4773619	-9999
1658.5	0.4720645	-9999
1658.6	0.4709625	-9999
1658.7	0.4782846	-9999
1658.8	0.4828677	-9999
1658.9	0.4858142	-9999
1659	0.4862502	-9999
1659.1	0.4853157	-9999
1659.2	0.4840078	-9999
1659.3	0.4831391	-9999
1659.4	0.4811798	-9999
1659.5	0.4796411	-9999
1659.6	0.4827684	-9999
1659.7	0.4850969	-9999
1659.8	0.4871366	-9999
1659.9	0.4903993	-9999
1660	0.4888747	-9999
1660.1	0.4842193	-9999
1660.2	0.4818755	-9999
1660.3	0.4787818	-9999
1660.4	0.4750316	-9999
1660.5	0.4699077	-9999
1660.6	0.4682394	-9999
1660.7	0.4700823	-9999
1660.8	0.4775883	-9999
1660.9	0.4813447	-9999
1661	0.4802798	-9999
1661.1	0.4825584	-9999
1661.2	0.4845221	-9999
1661.3	0.4856011	-9999
1661.4	0.4803765	-9999
1661.5	0.4745926	-9999
1661.6	0.4694215	-9999
1661.7	0.4673351	-9999
1661.8	0.4653432	-9999
1661.9	0.4621006	-9999
1662	0.4560133	-9999
1662.1	0.4497373	-9999
1662.2	0.4452446	-9999
1662.3	0.4407167	-9999
1662.4	0.4366318	-9999
1662.5	0.4342833	-9999
1662.6	0.432778	-9999
1662.7	0.4309763	-9999
1662.8	0.4255739	-9999
1662.9	0.4198757	-9999
1663	0.4144164	-9999
1663.1	0.4121937	-9999
1663.2	0.4080456	-9999
1663.3	0.4029813	-9999
1663.4	0.4042464	-9999
1663.5	0.4051134	-9999
1663.6	0.4056092	-9999
1663.7	0.4041492	-9999
1663.8	0.4068116	-9999
1663.9	0.4137304	-9999
1664	0.4249205	-9999
1664.1	0.429667	-9999
1664.2	0.4261678	-9999
1664.3	0.4312513	-9999
1664.4	0.4330646	-9999
1664.5	0.4287516	-9999
1664.6	0.429013	-9999
1664.7	0.4286794	-9999
1664.8	0.4259732	-9999
1664.9	0.4255399	-9999
1665	0.4259278	-9999
1665.1	0.4270996	-9999
1665.2	0.4298391	-9999
1665.3	0.4295834	-9999
1665.4	0.4190937	-9999
1665.5	0.4169618	-9999
1665.6	0.4167009	-9999
1665.7	0.4115559	-9999
1665.8	0.4106507	-9999
1665.9	0.4125579	-9999
1666	0.4188864	-9999
1666.1	0.4191511	-9999
1666.2	0.4161845	-9999
1666.3	0.4156929	-9999
1666.4	0.410946	-9999
1666.5	0.4033133	-9999
1666.6	0.3979576	-9999
1666.7	0.3953641	-9999
1666.8	0.3950889	-9999
1666.9	0.3888294	-9999
1667	0.382111	-9999
1667.1	0.3749114	-9999
1667.2	0.3797699	-9999
1667.3	0.3862644	-9999
1667.4	0.394268	-9999
1667.5	0.4028411	-9999
1667.6	0.4104968	-9999
1667.7	0.4166486	-9999
1667.8	0.415474	-9999
1667.9	0.4129952	-9999
1668	0.4101537	-9999
1668.1	0.4164787	-9999
1668.2	0.423141	-9999
1668.3	0.42582	-9999
1668.4	0.4291623	-9999
1668.5	0.4301854	-9999
1668.6	0.4235825	-9999
1668.7	0.4207402	-9999
1668.8	0.4187355	-9999
1668.9	0.4143469	-9999
1669	0.4108752	-9999
1669.1	0.4069075	-9999
1669.2	0.3977205	-9999
1669.3	0.3952727	-9999
1669.4	0.3980146	-9999
1669.5	0.411074	-9999
1669.6	0.4204689	-9999
1669.7	0.4271511	-9999
1669.8	0.4328384	-9999
1669.9	0.4381425	-9999
1670	0.4430586	-9999
1670.1	0.4416756	-9999
1670.2	0.4416707	-9999
1670.3	0.443135	-9999
1670.4	0.4445782	-9999
1670.5	0.4418415	-9999
1670.6	0.4336986	-9999
1670.7	0.430515	-9999
1670.8	0.429474	-9999
1670.9	0.4310581	-9999
1671	0.4293274	-9999
1671.1	0.4286117	-9999
1671.2	0.4308791	-9999
1671.3	0.4330755	-9999
1671.4	0.4351695	-9999
1671.5	0.4370539	-9999
1671.6	0.4390558	-9999
1671.7	0.4401303	-9999
1671.8	0.4382212	-9999
1671.9	0.438168	-9999
1672	0.4380151	-9999
1672.1	0.4344925	-9999
1672.2	0.4364018	-9999
1672.3	0.4390777	-9999
1672.4	0.4309039	-9999
1672.5	0.4245588	-9999
1672.6	0.4192239	-9999
1672.7	0.4130635	-9999
1672.8	0.4089624	-9999
1672.9	0.4067489	-9999
1673	0.4113115	-9999
1673.1	0.4138896	-9999
1673.2	0.414667	-9999
1673.3	0.4088388	-9999
1673.4	0.403106	-9999
1673.5	0.3974767	-9999
1673.6	0.3975993	-9999
1673.7	0.3961352	-9999
1673.8	0.392237	-9999
1673.9	0.3939766	-9999
1674	0.3964516	-9999
1674.1	0.3991898	-9999
1674.2	0.4015317	-9999
1674.3	0.4042794	-9999
1674.4	0.4079566	-9999
1674.5	0.4066545	-9999
1674.6	0.4054002	-9999
1674.7	0.4071139	-9999
1674.8	0.4071887	-9999
1674.9	0.4059985	-9999
1675	0.4024054	-9999
1675.1	0.4017682	-9999
1675.2	0.4031339	-9999
1675.3	0.4079938	-9999
1675.4	0.4106783	-9999
1675.5	0.4117198	-9999
1675.6	0.4094219	-9999
1675.7	0.4101944	-9999
1675.8	0.412789	-9999
1675.9	0.4148205	-9999
1676	0.4144384	-9999
1676.1	0.4120101	-9999
1676.2	0.4048197	-9999
1676.3	0.3990975	-9999
1676.4	0.3947088	-9999
1676.5	0.3914721	-9999
1676.6	0.3911923	-9999
1676.7	0.3941675	-9999
1676.8	0.3972919	-9999
1676.9	0.4009977	-9999
1677	0.4054705	-9999
1677.1	0.4035541	-9999
1677.2	0.4018848	-9999
1677.3	0.4017259	-9999
1677.4	0.3998751	-9999
1677.5	0.3996303	-9999
1677.6	0.4031895	-9999
1677.7	0.4025159	-9999
1677.8	0.3997611	-9999
1677.9	0.3942946	-9999
1678	0.3909655	-9999
1678.1	0.3883719	-9999
1678.2	0.3859747	-9999
1678.3	0.3892061	-9999
1678.4	0.3927746	-9999
1678.5	0.3879658	-9999
1678.6	0.390034	-9999
1678.7	0.3934115	-9999
1678.8	0.3834539	-9999
1678.9	0.3809144	-9999
1679	0.3831029	-9999
1679.1	0.3863157	-9999
1679.2	0.3914016	-9999
1679.3	0.3975638	-9999
1679.4	0.3961555	-9999
1679.5	0.4001617	-9999
1679.6	0.4091658	-9999
1679.7	0.4174604	-9999
1679.8	0.4272627	-9999
1679.9	0.4387545	-9999
1680	0.4426462	-9999
1680.1	0.4428355	-9999
1680.2	0.4385615	-9999
1680.3	0.4328536	-9999
1680.4	0.4289325	-9999
1680.5	0.4282413	-9999
1680.6	0.4324098	-9999
1680.7	0.438802	-9999
1680.8	0.4480204	-9999
1680.9	0.4537841	-9999
1681	0.4571815	-9999
1681.1	0.4566592	-9999
1681.2	0.4548449	-9999
1681.3	0.452597	-9999
1681.4	0.4502937	-9999
1681.5	0.4462811	-9999
1681.6	0.4422509	-9999
1681.7	0.4412691	-9999
1681.8	0.4384608	-9999
1681.9	0.4351937	-9999
1682	0.4349901	-9999
1682.1	0.4340179	-9999
1682.2	0.4329524	-9999
1682.3	0.4359715	-9999
1682.4	0.4392648	-9999
1682.5	0.442834	-9999
1682.6	0.4479368	-9999
1682.7	-9999	-9999
1682.8	-9999	-9999
1682.9	-9999	-9999
1683	-9999	-9999
1683.1	-9999	-9999
1683.2	-9999	-9999
1683.3	-9999	-9999
1683.4	-9999	-9999
1683.5	-9999	-9999
1683.6	-9999	-9999
1683.7	-9999	-9999
1683.8	-9999	-9999
1683.9	-9999	-9999
1684	-9999	-9999
1684.1	-9999	-9999
1684.2	-9999	-9999
1684.3	-9999	-9999
1684.4	-9999	-9999
1684.5	-9999	-9999
1684.6	-9999	-9999
1684.7	-9999	-9999
1684.8	-9999	-9999
1684.9	-9999	-9999
1685	-9999	-9999
1685.1	-9999	-9999
1685.2	-9999	-9999
1685.3	-9999	-9999
1685.4	-9999	-9999
1685.5	-9999	-9999
1685.6	-9999	-9999
1685.7	-9999	-9999
1685.8	-9999	-9999
1685.9	-9999	-9999
1686	-9999	-9999
1686.1	-9999	-9999
1686.2	-9999	-9999
1686.3	-9999	-9999
1686.4	-9999	-9999
1686.5	-9999	-9999
1686.6	-9999	-9999
1686.7	-9999	-9999
1686.8	-9999	-9999
1686.9	-9999	-9999
1687	-9999	-9999
1687.1	-9999	-9999
1687.2	-9999	-9999
1687.3	-9999	-9999
1687.4	-9999	-9999
1687.5	-9999	-9999
1687.6	-9999	-9999
1687.7	-9999	-9999
1687.8	-9999	-9999
1687.9	-9999	-9999
1688	-9999	-9999
1688.1	-9999	-9999
1688.2	-9999	-9999
1688.3	-9999	-9999
1688.4	-9999	-9999
1688.5	-9999	-9999
1688.6	-9999	-9999
1688.7	-9999	-9999
1688.8	-9999	-9999
1688.9	-9999	-9999
1689	-9999	-9999
1689.1	-9999	-9999
1689.2	-9999	-9999
1689.3	-9999	-9999
1689.4	-9999	-9999
1689.5	-9999	-9999
1689.6	-9999	-9999
1689.7	-9999	-9999
1689.8	-9999	-9999
1689.9	-9999	-9999
1690	-9999	-9999
1690.1	-9999	-9999
1690.2	-9999	-9999
1690.3	-9999	-9999
1690.4	-9999	-9999
1690.5	-9999	-9999
1690.6	-9999	-9999
1690.7	-9999	-9999
1690.8	-9999	-9999
1690.9	-9999	-9999
1691	-9999	-9999
1691.1	-9999	-9999
1691.2	-9999	-9999
1691.3	-9999	-9999
1691.4	-9999	-9999
1691.5	-9999	-9999
1691.6	-9999	-9999
1691.7	-9999	-9999
1691.8	-9999	-9999
1691.9	-9999	-9999
1692	-9999	-9999
1692.1	-9999	-9999
1692.2	-9999	-9999
1692.3	-9999	-9999
1692.4	-9999	-9999
1692.5	-9999	-9999
1692.6	-9999	-9999
1692.7	-9999	-9999
1692.8	-9999	-9999
1692.9	-9999	-9999
1693	-9999	-9999
1693.1	-9999	-9999
1693.2	-9999	-9999
1693.3	-9999	-9999
1693.4	-9999	-9999
1693.5	-9999	-9999
1693.6	-9999	-9999
