深度        孔隙度     含水合物饱和度
1545	-9999	-9999
1545.1	-9999	-9999
1545.2	-9999	-9999
1545.3	-9999	-9999
1545.4	-9999	-9999
1545.5	-9999	-9999
1545.6	-9999	-9999
1545.7	-9999	-9999
1545.8	-9999	-9999
1545.9	-9999	-9999
1546	-9999	-9999
1546.1	-9999	-9999
1546.2	-9999	-9999
1546.3	-9999	-9999
1546.4	-9999	-9999
1546.5	-9999	-9999
1546.6	-9999	-9999
1546.7	-9999	-9999
1546.8	-9999	-9999
1546.9	-9999	-9999
1547	-9999	-0.6738003
1547.1	-9999	-0.5592747
1547.2	-9999	-0.4551571
1547.3	-9999	-0.362497
1547.4	-9999	-0.1520204
1547.5	-9999	-0.02030181
1547.6	-9999	-0.001778261
1547.7	-9999	0
1547.8	-9999	0
1547.9	-9999	0
1548	0.7642541	0
1548.1	0.7700315	0
1548.2	0.775203	0
1548.3	0.7781565	0
1548.4	0.7808496	0
1548.5	0.7875553	0
1548.6	0.8017558	0
1548.7	0.8184327	0
1548.8	0.8207354	0
1548.9	0.8150365	0
1549	0.8046348	0
1549.1	0.8074529	0
1549.2	0.8152655	0
1549.3	0.8270947	0
1549.4	0.8242958	0
1549.5	0.8168285	0
1549.6	0.804541	0
1549.7	0.7834672	0
1549.8	0.7681314	0
1549.9	0.760345	0
1550	0.7657999	0
1550.1	0.7707587	0
1550.2	0.7732045	0
1550.3	0.7819747	0
1550.4	0.7880326	0
1550.5	0.7872698	0
1550.6	0.7778371	0
1550.7	0.7667973	0
1550.8	0.7563285	0
1550.9	0.7474003	0
1551	0.7419289	0
1551.1	0.7453979	0
1551.2	0.753388	0
1551.3	0.7650473	0
1551.4	0.7844326	0
1551.5	0.8029252	0
1551.6	0.8190049	0
1551.7	0.8243028	0
1551.8	0.8254124	0
1551.9	0.8236687	0
1552	0.8185019	0
1552.1	0.8195262	0
1552.2	0.8238311	0
1552.3	0.8104414	0
1552.4	0.800437	0
1552.5	0.7933267	0
1552.6	0.7832164	0
1552.7	0.7740667	0
1552.8	0.7659249	0
1552.9	0.7498538	0
1553	0.7363131	0
1553.1	0.7263697	0
1553.2	0.7152259	0
1553.3	0.7051385	0
1553.4	0.6968603	0
1553.5	0.6886367	0
1553.6	0.6822084	0
1553.7	0.6791873	0
1553.8	0.6783691	0
1553.9	0.6771201	0
1554	0.6736964	0
1554.1	0.664205	0
1554.2	0.6537573	0
1554.3	0.6458438	0
1554.4	0.6391658	0
1554.5	0.6334713	0
1554.6	0.6298264	0
1554.7	0.6309105	0
1554.8	0.6340539	0
1554.9	0.6360416	0
1555	0.6412538	0
1555.1	0.6468189	0
1555.2	0.6389707	0
1555.3	0.6390945	0
1555.4	0.6440219	0
1555.5	0.6326086	0
1555.6	0.6317336	0
1555.7	0.6400442	0
1555.8	0.6378337	0
1555.9	0.6441365	0
1556	0.6595156	0
1556.1	0.6592728	0
1556.2	0.6586407	0
1556.3	0.658347	0
1556.4	0.6591756	0
1556.5	0.6609035	0
1556.6	0.6638791	0
1556.7	0.664859	0
1556.8	0.665702	0
1556.9	0.6668888	0
1557	0.6691766	0
1557.1	0.6693975	0
1557.2	0.6640049	0
1557.3	0.659062	0
1557.4	0.6528118	0
1557.5	0.6420899	0
1557.6	0.6347122	0
1557.7	0.6280258	0
1557.8	0.6188405	0
1557.9	0.6173357	0
1558	0.6203737	0
1558.1	0.6279818	0
1558.2	0.6316401	0
1558.3	0.6331593	0
1558.4	0.6368473	0
1558.5	0.6317093	0
1558.6	0.6204355	0
1558.7	0.6157445	0
1558.8	0.6117631	0
1558.9	0.6084046	0
1559	0.6022591	0
1559.1	0.5965179	0
1559.2	0.5912146	0
1559.3	0.588746	0
1559.4	0.587014	0
1559.5	0.5860788	0
1559.6	0.5833371	0
1559.7	0.5819795	0
1559.8	0.5831358	0
1559.9	0.5767595	0
1560	0.5718765	0
1560.1	0.5723677	0
1560.2	0.5732514	0
1560.3	0.5750201	0
1560.4	0.5787523	0
1560.5	0.5781186	0
1560.6	0.5778852	0
1560.7	0.5831902	0
1560.8	0.5830436	0
1560.9	0.5835419	0
1561	0.5958537	0
1561.1	0.5996255	0
1561.2	0.5998895	0
1561.3	0.6045332	0
1561.4	0.6046346	0
1561.5	0.6023347	0
1561.6	0.6036401	0
1561.7	0.6075997	0
1561.8	0.6133655	0
1561.9	0.6155608	0
1562	0.6151428	0
1562.1	0.6123511	0
1562.2	0.6085041	0
1562.3	0.6028175	0
1562.4	0.5951056	0
1562.5	0.59486	0
1562.6	0.5928947	0
1562.7	0.5881279	0
1562.8	0.5886328	0
1562.9	0.5887395	0
1563	0.587283	0
1563.1	0.5833272	0
1563.2	0.5795184	0
1563.3	0.5768516	0
1563.4	0.5736728	0
1563.5	0.5707443	0
1563.6	0.5687535	0
1563.7	0.5687178	0
1563.8	0.5685411	0
1563.9	0.5659091	0
1564	0.5643805	0
1564.1	0.5637736	0
1564.2	0.5652208	0
1564.3	0.5658123	0
1564.4	0.5660487	0
1564.5	0.5667644	0
1564.6	0.5656594	0
1564.7	0.5641279	0
1564.8	0.5695876	0
1564.9	0.5711776	0
1565	0.5699699	0
1565.1	0.5719215	0
1565.2	0.5756496	0
1565.3	0.5810177	0
1565.4	0.5820088	0
1565.5	0.5826141	0
1565.6	0.5828074	0
1565.7	0.5829799	0
1565.8	0.5820985	0
1565.9	0.5797872	0
1566	0.5755385	0
1566.1	0.5707941	0
1566.2	0.5655842	0
1566.3	0.5681852	0
1566.4	0.5743426	0
1566.5	0.5850065	0
1566.6	0.5928481	0
1566.7	0.5966052	0
1566.8	0.5916284	0
1566.9	0.5924794	0
1567	0.5929316	0
1567.1	0.5858371	0
1567.2	0.5823013	0
1567.3	0.5807145	0
1567.4	0.5812619	0
1567.5	0.5855488	0
1567.6	0.591615	0
1567.7	0.5967463	0
1567.8	0.6038758	0
1567.9	0.6125768	0
1568	0.6244351	0
1568.1	0.6295465	0
1568.2	0.6291447	0
1568.3	0.6215991	0
1568.4	0.6113527	0
1568.5	0.5985732	0
1568.6	0.5875274	0
1568.7	0.5792138	0
1568.8	0.5739902	0
1568.9	0.5724446	0
1569	0.5692997	0
1569.1	0.5636449	0
1569.2	0.5700514	0
1569.3	0.5767961	0
1569.4	0.5817479	0
1569.5	0.5796416	0
1569.6	0.5783187	0
1569.7	0.58127	0
1569.8	0.5861474	0
1569.9	0.5915865	0
1570	0.5972358	0
1570.1	0.5985941	0
1570.2	0.598218	0
1570.3	0.5967609	0
1570.4	0.5951385	0
1570.5	0.5941747	0
1570.6	0.596528	0
1570.7	0.6025357	0
1570.8	0.6098573	0
1570.9	0.6132163	0
1571	0.6164418	0
1571.1	0.6189058	0
1571.2	0.6140035	0
1571.3	0.6128419	0
1571.4	0.6145493	0
1571.5	0.6143777	0
1571.6	0.6163952	0
1571.7	0.6204993	0
1571.8	0.6203708	0
1571.9	0.6185244	0
1572	0.6147529	0
1572.1	0.6114813	0
1572.2	0.6082838	0
1572.3	0.6051455	0
1572.4	0.6039145	0
1572.5	0.6034402	0
1572.6	0.6038685	0
1572.7	0.6023671	0
1572.8	0.6016548	0
1572.9	0.6033773	0
1573	0.6028037	0
1573.1	0.6016046	0
1573.2	0.6003062	0
1573.3	0.5979142	0
1573.4	0.595643	0
1573.5	0.5950663	0
1573.6	0.5943067	0
1573.7	0.5939041	0
1573.8	0.5955405	0
1573.9	0.5958117	0
1574	0.5954438	0
1574.1	0.5956853	0
1574.2	0.5979244	0
1574.3	0.6010696	0
1574.4	0.5995756	0
1574.5	0.5981417	0
1574.6	0.5966651	0
1574.7	0.5924447	0
1574.8	0.5911553	0
1574.9	0.5927048	0
1575	0.593703	0
1575.1	0.5954722	0
1575.2	0.598157	0
1575.3	0.5976219	0
1575.4	0.5951807	0
1575.5	0.5903335	0
1575.6	0.5852519	0
1575.7	0.5776574	0
1575.8	0.565724	0
1575.9	0.5603933	0
1576	0.5581426	0
1576.1	0.5598366	0
1576.2	0.5618357	0.01227128
1576.3	0.5642263	0.02088154
1576.4	0.5674673	0.0220681
1576.5	0.5681141	0.02222473
1576.6	0.5682572	0.02222473
1576.7	0.5697789	0.02222473
1576.8	0.5734101	0.02222473
1576.9	0.5763236	0.02222473
1577	0.5713469	0.02222473
1577.1	0.565014	0.01572252
1577.2	0.5585572	0.01024266
1577.3	0.5564293	0.01368574
1577.4	0.5552664	0.01333958
1577.5	0.5549607	0.01308462
1577.6	0.5572511	0.01897259
1577.7	0.5550668	0.01946603
1577.8	0.5492534	0.01701254
1577.9	0.5435345	0.01254281
1578	0.534726	0.01294725
1578.1	0.5228766	0.01779721
1578.2	0.5170547	0.03607219
1578.3	0.5073988	0.04770225
1578.4	0.4930225	0.05542259
1578.5	0.487834	0.0783499
1578.6	0.4796447	0.09429625
1578.7	0.4661287	0.1040991
1578.8	0.4570846	0.1136069
1578.9	0.449277	0.1143402
1579	0.4426244	0.1057188
1579.1	0.439306	0.1075586
1579.2	0.4367968	0.1008288
1579.3	0.4346294	0.08244947
1579.4	0.4322789	0.0880476
1579.5	0.4292849	0.08431186
1579.6	0.4246339	0.0622043
1579.7	0.4209385	0.01197318
1579.8	0.4197728	-0.04666493
1579.9	0.4265705	-0.1130292
1580	0.4398165	-0.1316452
1580.1	0.4558364	-0.1401622
1580.2	0.4713799	-0.150298
1580.3	0.4883988	-0.142147
1580.4	0.5068681	-0.1199814
1580.5	0.5299927	-0.07150937
1580.6	0.546965	-0.0348581
1580.7	0.5596073	-0.004251351
1580.8	0.5701903	0.02041753
1580.9	0.5727187	0.02301829
1581	0.5685965	0.01365234
1581.1	0.5641975	-0.002595086
1581.2	0.5618396	-0.009569702
1581.3	0.5615227	-0.01197099
1581.4	0.5537097	-0.02349946
1581.5	0.5483818	-0.03520595
1581.6	0.54629	-0.04624474
1581.7	0.5466455	-0.04272154
1581.8	0.5473061	-0.03777486
1581.9	0.5481371	-0.03160719
1582	0.5481121	-0.03826386
1582.1	0.547268	-0.04335547
1582.2	0.5451534	-0.0467516
1582.3	0.5465052	-0.03359163
1582.4	0.5489254	-0.02334665
1582.5	0.5521735	-0.01793622
1582.6	0.5524738	-0.02004199
1582.7	0.553547	-0.01658525
1582.8	0.5591313	-0.002983632
1582.9	0.5604151	0.006411505
1583	0.560776	0.01128868
1583.1	0.5634401	0.008590728
1583.2	0.5726314	0.01889203
1583.3	0.5857585	0.03137842
1583.4	0.6038607	0.04182625
1583.5	0.6061162	0.04843651
1583.6	0.599818	0.0525897
1583.7	0.5962632	0.052716
1583.8	0.5847141	0.05497857
1583.9	0.5684699	0.06217287
1584	0.5633897	0.08655564
1584.1	0.5563823	0.09781533
1584.2	0.5478566	0.101884
1584.3	0.5440992	0.1019775
1584.4	0.5434791	0.1052301
1584.5	0.5460468	0.1098461
1584.6	0.5478396	0.1090674
1584.7	0.5505912	0.1013529
1584.8	0.5545516	0.08916255
1584.9	0.5396731	0.09112772
1585	0.5268686	0.08744992
1585.1	0.5194992	0.07864604
1585.2	0.5195595	0.07636046
1585.3	0.5202666	0.07197157
1585.4	0.5202284	0.06526724
1585.5	0.5231268	0.06255447
1585.6	0.5260831	0.06256312
1585.7	0.5277755	0.06593984
1585.8	0.5383725	0.05909998
1585.9	0.5495105	0.05615286
1586	0.5549216	0.06132719
1586.1	0.5595782	0.07072116
1586.2	0.5609643	0.07623269
1586.3	0.5509489	0.07250436
1586.4	0.5476208	0.05751858
1586.5	0.546595	0.04307855
1586.6	0.5414367	0.03675855
1586.7	0.535345	0.0228579
1586.8	0.5286396	0.006433681
1586.9	0.5213041	-0.0104104
1587	0.5139131	-0.009138306
1587.1	0.5068862	-0.00090088
1587.2	0.505755	0.005770611
1587.3	0.504782	0.01822723
1587.4	0.503937	0.03188999
1587.5	0.5026821	0.03497925
1587.6	0.5029913	0.04660201
1587.7	0.5049152	0.06358328
1587.8	0.5049847	0.08094878
1587.9	0.5041241	0.1055529
1588	0.5021757	0.1352572
1588.1	0.4992395	0.1561551
1588.2	0.4937639	0.1703139
1588.3	0.484546	0.1782518
1588.4	0.4754182	0.1875554
1588.5	0.4705782	0.1917599
1588.6	0.4737466	0.1902543
1588.7	0.4742214	0.1948715
1588.8	0.4737599	0.2044425
1588.9	0.4724561	0.2202867
1589	0.4747695	0.2326526
1589.1	0.4772862	0.2412636
1589.2	0.4773073	0.2442843
1589.3	0.4765285	0.2445796
1589.4	0.4743238	0.228502
1589.5	0.4677215	0.1798501
1589.6	0.4667095	0.1444684
1589.7	0.4680934	0.108063
1589.8	0.4682067	0.06070664
1589.9	0.4662585	0.01115774
1590	0.4639154	-0.03669661
1590.1	0.4682251	-0.07659888
1590.2	0.4788072	-0.09167441
1590.3	0.4934313	-0.09445974
1590.4	0.5013822	-0.08814962
1590.5	0.509117	-0.05842394
1590.6	0.5166205	-0.01519865
1590.7	0.5204835	0.03715616
1590.8	0.5195801	0.03648397
1590.9	0.5136758	0.004910041
1591	0.5111243	0.001490792
1591.1	0.5047661	0
1591.2	0.4934038	0
1591.3	0.482967	0
1591.4	0.4746512	0
1591.5	0.4694939	0
1591.6	0.4618038	0
1591.7	0.4551269	0
1591.8	0.4511163	0
1591.9	0.4526783	0
1592	0.4545403	0
1592.1	0.4542066	0
1592.2	0.4539135	0
1592.3	0.4488649	0
1592.4	0.42936	0
1592.5	0.410461	0
1592.6	0.391659	0
1592.7	0.3723215	0
1592.8	0.3614994	0
1592.9	0.35451	0
1593	0.3461331	0
1593.1	0.3375379	0
1593.2	0.3301967	0
1593.3	0.3347744	0
1593.4	0.3320196	0
1593.5	0.3241069	0
1593.6	0.3187572	0
1593.7	0.3210747	0
1593.8	0.3300578	0
1593.9	0.3292462	0
1594	0.3222388	0
1594.1	0.3086261	0
1594.2	0.3098678	0
1594.3	0.3086455	0
1594.4	0.3034352	0
1594.5	0.2985923	0
1594.6	0.2953355	0
1594.7	0.2945246	0
1594.8	0.2939698	0
1594.9	0.2996394	0
1595	0.3173136	0
1595.1	0.3262012	0
1595.2	0.3285412	0
1595.3	0.3198097	0
1595.4	0.3166744	0
1595.5	0.3137834	-0.04004312
1595.6	0.306412	-0.1488559
1595.7	0.2992879	-0.1509597
1595.8	0.2934169	-0.1377683
1595.9	0.2922913	-0.1339868
1596	0.2957886	-0.1181626
1596.1	0.3021304	-0.1088083
1596.2	0.3118579	-0.1250309
1596.3	0.3231996	-0.09385557
1596.4	0.3337869	-0.05272514
1596.5	0.328832	-0.03242637
1596.6	0.3275031	-0.02363716
1596.7	0.3292258	-0.02176395
1596.8	0.3379238	-0.0291763
1596.9	0.3395968	-0.05408214
1597	0.3349676	-0.08525714
1597.1	0.3248018	-0.09553216
1597.2	0.3185899	-0.115809
1597.3	0.3166614	-0.1407045
1597.4	0.3258349	-0.1433043
1597.5	0.3430084	-0.09604511
1597.6	0.3700284	-0.01151006
1597.7	0.3736587	-0.003795543
1597.8	0.3728924	0
1597.9	0.3688754	0
1598	0.3586061	0
1598.1	0.3583325	0
1598.2	0.3798239	0
1598.3	0.3908045	0
1598.4	0.4026027	0
1598.5	0.4224386	0
1598.6	0.4436875	0
1598.7	0.4617918	0
1598.8	0.4685559	0
1598.9	0.4769095	0
1599	0.4846696	0
1599.1	0.4872778	0
1599.2	0.4844896	0
1599.3	0.4798365	0
1599.4	0.4800407	0
1599.5	0.4799187	0
1599.6	0.4797946	0
1599.7	0.4815348	0
1599.8	0.4795659	0
1599.9	0.4751303	0
1600	0.4768177	0
1600.1	0.4732854	0
1600.2	0.4650117	0
1600.3	0.4595672	0
1600.4	0.4549911	0
1600.5	0.4513707	0
1600.6	0.4499725	0
1600.7	0.4500483	0
1600.8	0.4519446	0
1600.9	0.4528409	0
1601	0.453719	0
1601.1	0.4547403	0
1601.2	0.448306	0
1601.3	0.4401101	0
1601.4	0.4308933	0
1601.5	0.4228992	0
1601.6	0.4164311	0
1601.7	0.4130777	0
1601.8	0.4105521	0
1601.9	0.4094642	0
1602	0.412184	0
1602.1	0.4165414	0
1602.2	0.4228125	0.009846485
1602.3	0.4344878	0.04140573
1602.4	0.4453276	0.08543906
1602.5	0.455215	0.1323367
1602.6	0.4618486	0.1778638
1602.7	0.4654989	0.2191832
1602.8	0.4676901	0.2582891
1602.9	0.4738357	0.2947269
1603	0.4797665	0.3241422
1603.1	0.4858582	0.3499199
1603.2	0.4989963	0.3731634
1603.3	0.5100306	0.3911779
1603.4	0.5191228	0.405254
1603.5	0.5295116	0.4116452
1603.6	0.5379607	0.4251021
1603.7	0.5442343	0.4436197
1603.8	0.5548218	0.4656342
1603.9	0.5656379	0.4874405
1604	0.5764431	0.5089567
1604.1	0.5823336	0.5256613
1604.2	0.5885862	0.5438938
1604.3	0.5963463	0.5636539
1604.4	0.6128398	0.5767839
1604.5	0.6281731	0.59236
1604.6	0.6380209	0.6110994
1604.7	0.6385766	0.6015142
1604.8	0.6360077	0.5907454
1604.9	0.6312295	0.5814728
1605	0.6230976	0.5572497
1605.1	0.6145445	0.5332185
1605.2	0.6081796	0.5132222
1605.3	0.6068686	0.4893583
1605.4	0.6064728	0.4689933
1605.5	0.6008922	0.4582439
1605.6	0.5928843	0.4490689
1605.7	0.5834788	0.4438567
1605.8	0.5731372	0.4486887
1605.9	0.5592386	0.4455081
1606	0.5435676	0.4371446
1606.1	0.532902	0.4201995
1606.2	0.5256431	0.4048409
1606.3	0.5211915	0.3903527
1606.4	0.5209129	0.3766323
1606.5	0.5209555	0.3792791
1606.6	0.5212994	0.3909086
1606.7	0.5325021	0.4008319
1606.8	0.5341726	0.4114152
1606.9	0.5249078	0.422897
1607	0.5152898	0.4404598
1607.1	0.505272	0.4583963
1607.2	0.494731	0.4759183
1607.3	0.4913608	0.4577898
1607.4	0.4897307	0.4484738
1607.5	0.4896331	0.4481122
1607.6	0.4913346	0.4500161
1607.7	0.4920008	0.4463891
1607.8	0.4898341	0.435867
1607.9	0.4951322	0.4106189
1608	0.5019285	0.3923081
1608.1	0.5077597	0.3862202
1608.2	0.5166856	0.3900009
1608.3	0.5250176	0.3924944
1608.4	0.5278829	0.3900467
1608.5	0.523091	0.3867723
1608.6	0.5164403	0.3878607
1608.7	0.5159878	0.3993308
1608.8	0.5211909	0.4172629
1608.9	0.5295961	0.4358675
1609	0.5395569	0.4511293
1609.1	0.5447222	0.4680989
1609.2	0.5466625	0.483178
1609.3	0.54715	0.4886779
1609.4	0.5467891	0.5003325
1609.5	0.5455077	0.5112208
1609.6	0.5374209	0.503159
1609.7	0.532725	0.4916576
1609.8	0.5312611	0.4793916
1609.9	0.5341338	0.4766717
1610	0.5367064	0.4697235
1610.1	0.5388718	0.4593261
1610.2	0.5327694	0.4418138
1610.3	0.5280655	0.434691
1610.4	0.5260656	0.4363438
1610.5	0.5237517	0.4334127
1610.6	0.5193692	0.4189474
1610.7	0.5114996	0.3925728
1610.8	0.503121	0.3440225
1610.9	0.4935294	0.2919253
1611	0.4815604	0.2363046
1611.1	0.4798284	0.1885648
1611.2	0.4835983	0.1499512
1611.3	0.4950719	0.1242123
1611.4	0.5079084	0.1257666
1611.5	0.5252277	0.1420154
1611.6	0.556486	0.1782889
1611.7	0.5838256	0.2165637
1611.8	0.6067321	0.2473432
1611.9	0.6167471	0.2596364
1612	0.6219153	0.2701119
1612.1	0.6238632	0.2769686
1612.2	0.6214966	0.2746415
1612.3	0.6239718	0.2795336
1612.4	0.6304049	0.2858061
1612.5	0.6458461	0.2869405
1612.6	0.6507415	0.2884562
1612.7	0.6471071	0.287232
1612.8	0.6401957	0.2702132
1612.9	0.6298155	0.2583062
1613	0.616076	0.2489112
1613.1	0.6139896	0.2356805
1613.2	0.6130492	0.2194975
1613.3	0.6132318	0.201684
1613.4	0.6136636	0.1912704
1613.5	0.614424	0.1855431
1613.6	0.6156293	0.1839095
1613.7	0.6130426	0.1853294
1613.8	0.6124293	0.188453
1613.9	0.6160996	0.1933641
1614	0.6208343	0.1946894
1614.1	0.6253784	0.2026043
1614.2	0.6290711	0.2190763
1614.3	0.6271185	0.256173
1614.4	0.621908	0.280567
1614.5	0.6118487	0.2823254
1614.6	0.6096287	0.292288
1614.7	0.6098464	0.3008288
1614.8	0.6091434	0.304279
1614.9	0.6084111	0.3140121
1615	0.6078763	0.3128644
1615.1	0.6083539	0.282558
1615.2	0.6018986	0.2686037
1615.3	0.5917102	0.2608227
1615.4	0.5817533	0.2571164
1615.5	0.5727432	0.2518694
1615.6	0.564577	0.2440824
1615.7	0.558996	0.2284849
1615.8	0.5595651	0.2247033
1615.9	0.5650098	0.2275718
1616	0.5664362	0.2359464
1616.1	0.5690584	0.2391102
1616.2	0.5728575	0.2397065
1616.3	0.5778275	0.2447752
1616.4	0.580576	0.2572286
1616.5	0.5806456	0.2745064
1616.6	0.585032	0.2829627
1616.7	0.5902719	0.2934435
1616.8	0.5962934	0.3056408
1616.9	0.5952571	0.3098372
1617	0.5949913	0.3189772
1617.1	0.5977417	0.3333877
1617.2	0.6009442	0.3311172
1617.3	0.605698	0.3275902
1617.4	0.613677	0.3233369
1617.5	0.6141897	0.3179826
1617.6	0.6120611	0.3171399
1617.7	0.6081693	0.3235811
1617.8	0.6060023	0.3202659
1617.9	0.6042358	0.3163092
1618	0.601723	0.3140886
1618.1	0.5999023	0.3023735
1618.2	0.5985077	0.2891172
1618.3	0.5976967	0.2773152
1618.4	0.5965149	0.260878
1618.5	0.5945995	0.2438232
1618.6	0.5888081	0.229193
1618.7	0.5846179	0.2234844
1618.8	0.5817371	0.2205046
1618.9	0.5817466	0.2144867
1619	0.5812826	0.2205117
1619.1	0.5804756	0.2309415
1619.2	0.5816037	0.2328903
1619.3	0.5863987	0.2410895
1619.4	0.5948606	0.2511965
1619.5	0.5910122	0.2445769
1619.6	0.5900642	0.2452136
1619.7	0.5929993	0.2508106
1619.8	0.5960301	0.2494593
1619.9	0.6016742	0.2536555
1620	0.6111627	0.2627485
1620.1	0.6086608	0.2562914
1620.2	0.6041303	0.2537873
1620.3	0.5988883	0.2555656
1620.4	0.5923239	0.2486679
1620.5	0.5897079	0.2440709
1620.6	0.5965629	0.2430241
1620.7	0.5984936	0.2405539
1620.8	0.5999195	0.2394429
1620.9	0.6037701	0.2407438
1621	0.6000315	0.2414742
1621.1	0.595786	0.2417392
1621.2	0.599775	0.2412676
1621.3	0.6097504	0.2528312
1621.4	0.6209299	0.2616841
1621.5	0.6244096	0.2569469
1621.6	0.6263236	0.2568536
1621.7	0.627492	0.2563608
1621.8	0.629689	0.2500606
1621.9	0.6332009	0.2602596
1622	0.6381798	0.27638
1622.1	0.6508431	0.289879
1622.2	0.6645597	0.3032508
1622.3	0.6788354	0.3165891
1622.4	0.6772434	0.3301038
1622.5	0.6768237	0.3435592
1622.6	0.6775953	0.3551347
1622.7	0.6602413	0.3493491
1622.8	0.6460835	0.3378672
1622.9	0.6365071	0.3225932
1623	0.6262208	0.3166486
1623.1	0.6151189	0.302725
1623.2	0.602881	0.2815534
1623.3	0.5927814	0.2685538
1623.4	0.5811512	0.2594671
1623.5	0.5661466	0.2546879
1623.6	0.5570214	0.2512708
1623.7	0.5507131	0.2475617
1623.8	0.5480577	0.2433706
1623.9	0.5449222	0.2523705
1624	0.5422187	0.264843
1624.1	0.5411639	0.2806959
1624.2	0.5404478	0.2933461
1624.3	0.5396699	0.3014974
1624.4	0.5381848	0.3016807
1624.5	0.5394977	0.3157869
1624.6	0.5428276	0.3335973
1624.7	0.5499609	0.3524055
1624.8	0.5595385	0.3665106
1624.9	0.5715305	0.380014
1625	0.5915732	0.3963781
1625.1	0.6063153	0.4112503
1625.2	0.6171538	0.4238745
1625.3	0.6252221	0.4293953
1625.4	0.6293132	0.4321933
1625.5	0.6299109	0.4324484
1625.6	0.6240253	0.4255461
1625.7	0.6176955	0.4124658
1625.8	0.6109067	0.3958125
1625.9	0.6070786	0.3819066
1626	0.6001113	0.3644788
1626.1	0.5890907	0.344448
1626.2	0.5814165	0.3260629
1626.3	0.5762338	0.3120705
1626.4	0.5744073	0.3021331
1626.5	0.5719092	0.2949585
1626.6	0.5687653	0.2883686
1626.7	0.5645959	0.2824204
1626.8	0.5657605	0.2895499
1626.9	0.5672923	0.292445
1627	0.5670227	0.2886128
1627.1	0.565918	0.2798667
1627.2	0.5649682	0.2741677
1627.3	0.565194	0.2744316
1627.4	0.5635925	0.2792301
1627.5	0.5604096	0.2899068
1627.6	0.55372	0.3110125
1627.7	0.550345	0.3321519
1627.8	0.5493028	0.3521925
1627.9	0.5524428	0.3693866
1628	0.556756	0.3832607
1628.1	0.5613459	0.3937422
1628.2	0.5625801	0.3965399
1628.3	0.5649293	0.3843485
1628.4	0.5680354	0.3696708
1628.5	0.5705572	0.371383
1628.6	0.5767103	0.3707896
1628.7	0.5859748	0.3676663
1628.8	0.5925881	0.3560171
1628.9	0.5982258	0.3469043
1629	0.6028402	0.3405519
1629.1	0.6018669	0.3461422
1629.2	0.6003433	0.3505636
1629.3	0.598385	0.3539771
1629.4	0.5935282	0.3548824
1629.5	0.5896725	0.3607106
1629.6	0.587782	0.3711565
1629.7	0.5927627	0.3892091
1629.8	0.5988542	0.409919
1629.9	0.6050715	0.4335801
1630	0.6068412	0.4324965
1630.1	0.6086822	0.4329929
1630.2	0.6130148	0.4376985
1630.3	0.6119552	0.4325376
1630.4	0.6079122	0.4163837
1630.5	0.5996516	0.3836047
1630.6	0.5929176	0.3531514
1630.7	0.585731	0.3244419
1630.8	0.574407	0.2985009
1630.9	0.5670524	0.2764843
1631	0.5620638	0.2590221
1631.1	0.5596598	0.2509333
1631.2	0.5584913	0.2531022
1631.3	0.5576097	0.2587842
1631.4	0.5528938	0.2649073
1631.5	0.5523561	0.2802542
1631.6	0.55445	0.2975689
1631.7	0.5499022	0.3061811
1631.8	0.5474405	0.3259548
1631.9	0.5468004	0.3502054
1632	0.5444948	0.3654083
1632.1	0.5440048	0.3737563
1632.2	0.5454503	0.3784728
1632.3	0.5407481	0.3917828
1632.4	0.5339174	0.4003668
1632.5	0.5246646	0.4051885
1632.6	0.5213522	0.408695
1632.7	0.5193071	0.4210443
1632.8	0.5183567	0.4418218
1632.9	0.5137691	0.4522025
1633	0.509692	0.4591446
1633.1	0.5077175	0.4622602
1633.2	0.4959437	0.4498786
1633.3	0.4815096	0.4333897
1633.4	0.4659832	0.4125233
1633.5	0.4550155	0.3784338
1633.6	0.4456667	0.3508121
1633.7	0.4370666	0.3370476
1633.8	0.4350614	0.3311197
1633.9	0.4366705	0.3270569
1634	0.4425851	0.3238798
1634.1	0.4453397	0.3251824
1634.2	0.4472408	0.3270697
1634.3	0.4531076	0.3274491
1634.4	0.4535567	0.3271208
1634.5	0.4511915	0.3277924
1634.6	0.4528767	0.3327547
1634.7	0.4526003	0.3273545
1634.8	0.4513167	0.3209986
1634.9	0.4579961	0.3309603
1635	0.4652066	0.3422222
1635.1	0.4728712	0.3541993
1635.2	0.4753831	0.3663208
1635.3	0.4757552	0.3706274
1635.4	0.4738094	0.3713147
1635.5	0.4695734	0.3893014
1635.6	0.4677486	0.3963286
1635.7	0.4692325	0.3947015
1635.8	0.4706543	0.3960293
1635.9	0.471888	0.3831256
1636	0.4728303	0.3564387
1636.1	0.4740623	0.3399915
1636.2	0.4748037	0.3184737
1636.3	0.4744829	0.2908082
1636.4	0.4711661	0.2737205
1636.5	0.4681076	0.2551816
1636.6	0.4674022	0.2335394
1636.7	0.4670305	0.2411858
1636.8	0.4668323	0.2530261
1636.9	0.4668573	0.2657397
1637	0.4649737	0.2848302
1637.1	0.4628449	0.2975203
1637.2	0.4628699	0.2937274
1637.3	0.4615455	0.3098806
1637.4	0.4593995	0.3277853
1637.5	0.456356	0.3361665
1637.6	0.4534396	0.3379227
1637.7	0.451438	0.3406033
1637.8	0.4573157	0.3546437
1637.9	0.4636449	0.3619476
1638	0.4698658	0.3643361
1638.1	0.4672362	0.357227
1638.2	0.461895	0.3479623
1638.3	0.4540907	0.3399305
1638.4	0.4554107	0.3488808
1638.5	0.4588516	0.3472909
1638.6	0.4646271	0.3400256
1638.7	0.470109	0.3491907
1638.8	0.473012	0.3600173
1638.9	0.4724883	0.3716612
1639	0.4697843	0.3648669
1639.1	0.4663873	0.3616316
1639.2	0.4622372	0.361899
1639.3	0.470894	0.3826031
1639.4	0.4785926	0.3948117
1639.5	0.480029	0.3963879
1639.6	0.4796162	0.4058748
1639.7	0.4794726	0.417401
1639.8	0.4811154	0.431049
1639.9	0.4833747	0.4372351
1640	0.487147	0.4416241
1640.1	0.4951874	0.4445589
1640.2	0.5088553	0.4460164
1640.3	0.5237406	0.4448423
1640.4	0.5340524	0.4385045
1640.5	0.5488907	0.4452367
1640.6	0.5653155	0.4489849
1640.7	0.5774173	0.4346107
1640.8	0.5908631	0.4145527
1640.9	0.6050044	0.3991523
1641	0.6177406	0.4079054
1641.1	0.6235841	0.4001866
1641.2	0.6239052	0.3851111
1641.3	0.6181413	0.3699107
1641.4	0.6133829	0.3715075
1641.5	0.6095528	0.3833759
1641.6	0.6018282	0.4024779
1641.7	0.5942457	0.409772
1641.8	0.5868397	0.4097703
1641.9	0.5738626	0.418897
1642	0.5621731	0.4238704
1642.1	0.552648	0.4255989
1642.2	0.5523872	0.4346746
1642.3	0.5539083	0.4407128
1642.4	0.5566784	0.4437136
1642.5	0.5594657	0.4516994
1642.6	0.5647027	0.4614726
1642.7	0.5749525	0.4732641
1642.8	0.5814948	0.4744757
1642.9	0.5869513	0.4773723
1643	0.5919398	0.4839657
1643.1	0.5883627	0.486217
1643.2	0.5829425	0.4826129
1643.3	0.5805731	0.4694873
1643.4	0.5829634	0.4658203
1643.5	0.5882715	0.4616284
1643.6	0.5978139	0.451966
1643.7	0.5979565	0.4390391
1643.8	0.5940741	0.4201547
1643.9	0.5953828	0.3868741
1644	0.5923873	0.3737389
1644.1	0.5876834	0.3669035
1644.2	0.5935544	0.356625
1644.3	0.5971028	0.3518456
1644.4	0.5988889	0.3490077
1644.5	0.6014737	0.3433548
1644.6	0.6020601	0.3420245
1644.7	0.6007721	0.3416054
1644.8	0.6039234	0.329601
1644.9	0.6070836	0.3281657
1645	0.6102132	0.333589
1645.1	0.610601	0.3331832
1645.2	0.607839	0.3294318
1645.3	0.6009521	0.3230597
1645.4	0.6021743	0.3256918
1645.5	0.6021811	0.3277345
1645.6	0.5985473	0.3291783
1645.7	0.5972419	0.3079254
1645.8	0.5939159	0.290644
1645.9	0.5855036	0.2790616
1646	0.5867751	0.2696733
1646.1	0.5873503	0.2570373
1646.2	0.5797488	0.2392592
1646.3	0.5854563	0.232907
1646.4	0.5926566	0.2331855
1646.5	0.5900505	0.2426934
1646.6	0.5858849	0.2459904
1646.7	0.5810938	0.2485842
1646.8	0.5764406	0.2525217
1646.9	0.5766605	0.254564
1647	0.5792061	0.2527223
1647.1	0.5802415	0.2411456
1647.2	0.584186	0.2313796
1647.3	0.58999	0.2249822
1647.4	0.5956186	0.2288864
1647.5	0.600613	0.238905
1647.6	0.6050677	0.2519977
1647.7	0.6084154	0.2663997
1647.8	0.605817	0.2787495
1647.9	0.5975509	0.2890381
1648	0.5927662	0.2922967
1648.1	0.5884714	0.2946926
1648.2	0.5846936	0.2966926
1648.3	0.5830166	0.3017457
1648.4	0.5809575	0.302943
1648.5	0.5781739	0.3007697
1648.6	0.5755559	0.2933154
1648.7	0.5735226	0.2934578
1648.8	0.5724587	0.3014438
1648.9	0.5758736	0.3092895
1649	0.5808462	0.3172584
1649.1	0.5873702	0.3253872
1649.2	0.5915069	0.3344015
1649.3	0.5930926	0.3403126
1649.4	0.5894881	0.3413731
1649.5	0.57718	0.3321894
1649.6	0.5646647	0.3255708
1649.7	0.5615897	0.3265757
1649.8	0.568304	0.3233707
1649.9	0.5782887	0.3189983
1650	0.5839422	0.3140004
1650.1	0.5833292	0.3056673
1650.2	0.5785855	0.2989356
1650.3	0.5684876	0.2998151
1650.4	0.5643383	0.3051963
1650.5	0.5643008	0.3122673
1650.6	0.5666981	0.3193688
1650.7	0.5640828	0.3186934
1650.8	0.5576815	0.3173117
1650.9	0.5578414	0.331909
1651	0.5553352	0.3309709
1651.1	0.5502468	0.3185014
1651.2	0.5410519	0.2855027
1651.3	0.535603	0.2735237
1651.4	0.5346303	0.2768276
1651.5	0.5432177	0.2849858
1651.6	0.5505524	0.2851347
1651.7	0.5551665	0.278495
1651.8	0.5596684	0.2837936
1651.9	0.5627667	0.2924747
1652	0.5634375	0.3047046
1652.1	0.5557964	0.2971909
1652.2	0.547087	0.2842952
1652.3	0.5394918	0.2654881
1652.4	0.5298911	0.2706427
1652.5	0.519408	0.274889
1652.6	0.5079539	0.2743182
1652.7	0.4966022	0.2775203
1652.8	0.4874359	0.2966977
1652.9	0.4858927	0.3452452
1653	0.4861626	0.3839041
1653.1	0.4881109	0.407416
1653.2	0.4943258	0.4000656
1653.3	0.4991291	0.3887659
1653.4	0.5030158	0.3749204
1653.5	0.5058439	0.3568925
1653.6	0.5055237	0.306183
1653.7	0.5035344	0.254095
1653.8	0.5067712	0.2463279
1653.9	0.5080134	0.2405315
1654	0.5074803	0.2372664
1654.1	0.5015129	0.2428537
1654.2	0.4972306	0.2454679
1654.3	0.4946065	0.2472373
1654.4	0.4985081	0.2569016
1654.5	0.5024125	0.2628893
1654.6	0.5061612	0.2664165
1654.7	0.5104085	0.2733464
1654.8	0.5139136	0.2760907
1654.9	0.5162893	0.2751461
1655	0.5200158	0.2733365
1655.1	0.5227818	0.2636975
1655.2	0.5235253	0.2457114
1655.3	0.5197814	0.2159186
1655.4	0.513787	0.1867561
1655.5	0.5047712	0.1590452
1655.6	0.508942	0.1429789
1655.7	0.5156251	0.1244508
1655.8	0.5194216	0.1002671
1655.9	0.5250998	0.101647
1656	0.5290218	0.1151348
1656.1	0.5241706	0.144315
1656.2	0.5245922	0.1880635
1656.3	0.5248141	0.2301275
1656.4	0.5124253	0.2601416
1656.5	0.4983324	0.2868689
1656.6	0.4837835	0.3108226
1656.7	0.4727998	0.329259
1656.8	0.4620594	0.3343401
1656.9	0.4514387	0.3313161
1657	0.4402339	0.3163494
1657.1	0.4333337	0.3181859
1657.2	0.4301922	0.3289029
1657.3	0.4355166	0.343529
1657.4	0.4411093	0.34379
1657.5	0.4469705	0.3305266
1657.6	0.4541279	0.2734467
1657.7	0.4550588	0.2308739
1657.8	0.4484022	0.1981773
1657.9	0.4391577	0.1508497
1658	0.4304079	0.1344616
1658.1	0.4226841	0.1459707
1658.2	0.4205053	0.2170175
1658.3	0.4208584	0.3074293
1658.4	0.4244235	0.4188195
1658.5	0.4205568	0.5213863
1658.6	0.4162557	0.6006079
1658.7	0.4143504	0.6496688
1658.8	0.4128065	0.6518204
1658.9	0.4111336	0.6368601
1659	0.4088105	0.6020743
1659.1	0.4129508	0.515897
1659.2	0.4170935	0.4303173
1659.3	0.412627	0.362451
1659.4	0.4147184	0.3331991
1659.5	0.4200451	0.318887
1659.6	0.4267044	0.319407
1659.7	0.431812	0.312057
1659.8	0.4353427	0.3104141
1659.9	0.4335082	0.3345424
1660	0.4318961	0.315487
1660.1	0.4299097	0.2814408
1660.2	0.4206929	0.2563913
1660.3	0.4101647	0.2508531
1660.4	0.398625	0.2525631
1660.5	0.3913869	0.2397145
1660.6	0.3862306	0.2152246
1660.7	0.3831896	0.188997
1660.8	0.3851413	0.2135922
1660.9	0.3893079	0.2519677
1661	0.3960265	0.2987711
1661.1	0.4006001	0.3082215
1661.2	0.4098446	0.3274271
1661.3	0.4263602	0.3554941
1661.4	0.4407893	0.3884037
1661.5	0.4538844	0.403357
1661.6	0.4650676	0.3985431
1661.7	0.4750908	0.3968651
1661.8	0.4839378	0.3931197
1661.9	0.4906439	0.3863999
1662	0.4919862	0.3802315
1662.1	0.4933421	0.3836676
1662.2	0.4991341	0.4026787
1662.3	0.500398	0.4232653
1662.4	0.4994506	0.4339574
1662.5	0.4963955	0.4242077
1662.6	0.4920134	0.4244336
1662.7	0.4878514	0.4279879
1662.8	0.4880633	0.4339576
1662.9	0.4885155	0.4369949
1663	0.4888243	0.4378347
1663.1	0.4869065	0.4345577
1663.2	0.4871022	0.4461789
1663.3	0.4883908	0.4635363
1663.4	0.4840048	0.4796414
1663.5	0.4777426	0.4825481
1663.6	0.4698653	0.4756796
1663.7	0.4609605	0.4497893
1663.8	0.4551049	0.4285612
1663.9	0.4523979	0.4103262
1664	0.4461381	0.3929468
1664.1	0.4401147	0.3784662
1664.2	0.4345344	0.3659301
1664.3	0.4348469	0.3477361
1664.4	0.4357293	0.3352329
1664.5	0.4366994	0.3279829
1664.6	0.4382461	0.3217802
1664.7	0.4375857	0.3062093
1664.8	0.4326311	0.2801541
1664.9	0.4324621	0.2600546
1665	0.4332226	0.2535038
1665.1	0.4337669	0.2649151
1665.2	0.4344401	0.2749586
1665.3	0.4362532	0.2820299
1665.4	0.4413398	0.2844207
1665.5	0.4452999	0.2856534
1665.6	0.4490258	0.2926206
1665.7	0.4534796	0.3117483
1665.8	0.4538465	0.3202458
1665.9	0.4516275	0.320083
1666	0.4458234	0.3043147
1666.1	0.4435865	0.2951632
1666.2	0.4442076	0.2922563
1666.3	0.4512777	0.3029514
1666.4	0.4517367	0.2921303
1666.5	0.4475879	0.2741675
1666.6	0.4450243	0.2638873
1666.7	0.4397667	0.2528115
1666.8	0.4321935	0.2403329
1666.9	0.4259936	0.2215464
1667	0.4197255	0.2102471
1667.1	0.4133858	0.2050524
1667.2	0.4090756	0.2139293
1667.3	0.4027625	0.2107561
1667.4	0.3938039	0.1997123
1667.5	0.3963895	0.2233413
1667.6	0.3997838	0.2326014
1667.7	0.4027907	0.2283837
1667.8	0.4029587	0.2223947
1667.9	0.4025796	0.2203853
1668	0.4019803	0.2229161
1668.1	0.3954582	0.2265929
1668.2	0.3889229	0.223666
1668.3	0.3854485	0.2115259
1668.4	0.3827524	0.2047934
1668.5	0.3808829	0.2037097
1668.6	0.380823	0.2111023
1668.7	0.3811493	0.2053659
1668.8	0.3829094	0.1981342
1668.9	0.3898165	0.1926929
1669	0.3924473	0.1818623
1669.1	0.3937256	0.1759934
1669.2	0.3988928	0.1866744
1669.3	0.405677	0.189385
1669.4	0.4131019	0.1921014
1669.5	0.4177949	0.2037373
1669.6	0.4208167	0.2190359
1669.7	0.4225314	0.2339083
1669.8	0.4226158	0.2398238
1669.9	0.4234932	0.2559642
1670	0.4250426	0.2776496
1670.1	0.4233967	0.3005396
1670.2	0.4227239	0.3119906
1670.3	0.4230883	0.3150823
1670.4	0.4225428	0.3074435
1670.5	0.4243868	0.3157787
1670.6	0.4293709	0.3362259
1670.7	0.4285949	0.3449143
1670.8	0.4284148	0.3470092
1670.9	0.430051	0.3428196
1671	0.4277084	0.3302058
1671.1	0.4265437	0.3259857
1671.2	0.4288812	0.3315801
1671.3	0.428731	0.334012
1671.4	0.4283111	0.3290489
1671.5	0.4285975	0.3139877
1671.6	0.4313149	0.3122055
1671.7	0.4336205	0.3170627
1671.8	0.4323748	0.3305613
1671.9	0.4293775	0.3304198
1672	0.4270194	0.3231306
1672.1	0.4300777	0.30601
1672.2	0.430888	0.2956081
1672.3	0.4305405	0.2925376
1672.4	0.4298445	0.304481
1672.5	0.4257154	0.2974799
1672.6	0.4200831	0.2879907
1672.7	0.4195406	0.2919925
1672.8	0.41829	0.2980284
1672.9	0.416588	0.3060629
1673	0.4161651	0.3193729
1673.1	0.4149652	0.314364
1673.2	0.4130604	0.2998804
1673.3	0.4086189	0.2874606
1673.4	0.4056244	0.2701583
1673.5	0.4041975	0.2508838
1673.6	0.4102423	0.2457398
1673.7	0.4155537	0.2315944
1673.8	0.4194487	0.2107849
1673.9	0.4146236	0.2058303
1674	0.4092654	0.1876968
1674.1	0.4044691	0.1567997
1674.2	0.3951071	0.1521033
1674.3	0.3882169	0.1466833
1674.4	0.3876801	0.1399138
1674.5	0.3851347	0.1604632
1674.6	0.381809	0.1670728
1674.7	0.3777038	0.1511218
1674.8	0.3724375	0.1581388
1674.9	0.3677925	0.1598159
1675	0.3662508	0.1471012
1675.1	0.3686586	0.1523705
1675.2	0.3726012	0.1579451
1675.3	0.3764104	0.1567657
1675.4	0.3794932	0.1635777
1675.5	0.381597	0.1702273
1675.6	0.3800271	0.1707006
1675.7	0.3810686	0.1806946
1675.8	0.3832701	0.1892124
1675.9	0.38132	0.1808811
1676	0.3850144	0.1812272
1676.1	0.3925348	0.1837321
1676.2	0.3921759	0.1783848
1676.3	0.3924104	0.169946
1676.4	0.393184	0.1588189
1676.5	0.3884302	0.1405636
1676.6	0.3875255	0.1342691
1676.7	0.390858	0.1354675
1676.8	0.3871885	0.1308162
1676.9	0.3866959	0.1267502
1677	0.3909208	0.123221
1677.1	0.3869227	0.1218376
1677.2	0.3819907	0.1184623
1677.3	0.3769597	0.1131267
1677.4	0.36799	0.09313715
1677.5	0.3618374	0.08143276
1677.6	0.362686	0.07996918
1677.7	0.3703898	0.06569333
1677.8	0.3770462	0.04291633
1677.9	0.3769552	0.009160701
1678	0.3795741	0.01663777
1678.1	0.384894	0.02823224
1678.2	0.3961875	0.03752764
1678.3	0.4015222	0.05006136
1678.4	0.4042566	0.06723537
1678.5	0.4061708	0.09324092
1678.6	0.4086228	0.09967683
1678.7	0.4107944	0.09811337
1678.8	0.4095725	0.0889266
1678.9	0.4100414	0.08845185
1679	0.4110239	0.08570907
1679.1	0.4066738	0.06362393
1679.2	0.4057577	0.05350454
1679.3	0.4071636	0.0501279
1679.4	0.4022714	0.05376865
1679.5	0.3976685	0.03370724
1679.6	0.3933327	0.004166908
1679.7	0.3989617	0.001199025
1679.8	0.4024292	0
1679.9	0.4034341	0
1680	0.4017332	0
1680.1	0.400861	0
1680.2	0.4013161	0
1680.3	0.3989038	0
1680.4	0.3983235	0
1680.5	0.4013124	0
1680.6	0.398559	0
1680.7	0.39711	0
1680.8	0.4003767	0
1680.9	0.4018889	0
1681	0.4046449	0
1681.1	0.4116988	0
1681.2	0.4173908	0
1681.3	0.4203617	0
1681.4	0.41578	0
1681.5	0.4122075	0
1681.6	0.4085149	0
1681.7	0.4024437	0
1681.8	0.3997471	0
1681.9	0.3981701	0
1682	0.3926622	0
1682.1	0.3907915	0
1682.2	0.3914358	0
1682.3	0.3942461	0
1682.4	0.4000869	0
1682.5	0.4082755	0
1682.6	0.4165841	0
1682.7	0.4207533	0
1682.8	0.4210396	0
1682.9	0.4211427	0
1683	0.4245632	0
1683.1	0.4317566	0
1683.2	0.4250902	0
1683.3	0.4223908	0
1683.4	0.4263051	0
1683.5	0.4288747	0
1683.6	0.4325303	0
1683.7	0.4382823	0
1683.8	0.45048	0
1683.9	0.4594943	0
1684	0.4594563	0
1684.1	0.4523784	0
1684.2	0.4417412	0.02614566
1684.3	0.4263843	0.0915098
1684.4	0.4112049	0.08969536
1684.5	0.3968431	0.09853345
1684.6	0.3850521	0.1444876
1684.7	0.3794264	0.1721347
1684.8	0.3760593	0.1888553
1684.9	0.3711726	0.1892666
1685	0.3708117	0.1961931
1685.1	0.3721703	0.2049288
1685.2	0.36923	0.2135817
1685.3	0.3722896	0.2181847
1685.4	0.3791033	0.2122911
1685.5	0.3846711	0.1720758
1685.6	0.3941701	0.1622726
1685.7	0.4062707	0.1691635
1685.8	0.4053215	0.1899356
1685.9	0.4065002	0.1922048
1686	0.409707	0.1843616
1686.1	0.4127223	0.1803043
1686.2	0.415022	0.1863572
1686.3	0.4164978	0.1983045
1686.4	0.4194805	0.1928535
1686.5	0.4204028	0.1879125
1686.6	0.4182974	0.183386
1686.7	0.4139427	0.1776385
1686.8	0.4100307	0.1679123
1686.9	0.4073469	0.1540779
1687	0.4052151	0.1455253
1687.1	0.4031408	0.1301107
1687.2	0.4009717	0.1058843
1687.3	0.38899	0.08517274
1687.4	0.3746018	0.06249968
1687.5	0.3605033	0.03636876
1687.6	0.3523378	0.03711008
1687.7	0.3468127	0.04833312
1687.8	0.3435098	0.07180396
1687.9	0.3483154	0.1146572
1688	0.3545851	0.1551465
1688.1	0.3514397	0.1804603
1688.2	0.3517075	0.09918611
1688.3	0.3542853	0.01283582
1688.4	0.3601897	0.002744766
1688.5	0.3664582	0
1688.6	0.3720525	0
1688.7	0.3671496	0
1688.8	0.3649004	0
1688.9	0.3647822	0
1689	0.3650194	0
1689.1	0.364409	0
1689.2	0.3629779	0
1689.3	0.3582438	0
1689.4	0.3555269	0
1689.5	0.3552411	0
1689.6	0.3578022	0
1689.7	0.3647646	0
1689.8	0.3777308	0
1689.9	0.3791967	0
1690	0.3794704	0
1690.1	0.3801955	0
1690.2	0.3829405	0
1690.3	0.3878516	0
1690.4	0.3966184	0
1690.5	0.3929985	0
1690.6	0.387157	0
1690.7	0.3841326	0
1690.8	0.3733644	0
1690.9	0.3618062	0
1691	0.3568945	0
1691.1	0.3579707	0
1691.2	0.3617381	0
1691.3	0.3658699	0
1691.4	0.3669743	0
1691.5	0.3668667	0
1691.6	0.3698153	0
1691.7	0.3746441	0
1691.8	0.3809707	0
1691.9	0.3902655	0
1692	0.3984797	0
1692.1	0.4058895	0.04109576
1692.2	0.4158145	0.3114626
1692.3	0.4257765	0.4224829
1692.4	0.435775	0.4349837
1692.5	0.4430386	0.4119068
1692.6	0.4478226	0.3876913
1692.7	0.4497148	0.3626748
1692.8	0.4405424	0.3380535
1692.9	0.4300179	0.3178811
1693	0.4187029	0.3016934
1693.1	0.416483	0.2942918
1693.2	0.4149847	0.2836682
1693.3	0.4126478	0.2696095
1693.4	0.4036736	0.2441646
1693.5	0.3937737	0.224243
1693.6	0.3847037	0.2120797
1693.7	0.3826739	0.191016
1693.8	0.3797181	0.1718283
1693.9	0.3689005	0.1569545
1694	0.369203	0.1603036
1694.1	0.3743314	0.170121
1694.2	0.3827949	0.1869261
1694.3	0.3852695	0.1866565
1694.4	0.3856795	-9999
1694.5	0.3890658	-9999
1694.6	0.38725	-9999
1694.7	0.383486	-9999
1694.8	0.3865225	-9999
1694.9	0.3881392	-9999
1695	0.3885812	-9999
1695.1	0.3862897	-9999
1695.2	0.386084	-9999
1695.3	0.3875372	-9999
1695.4	0.3864866	-9999
1695.5	0.3857999	-9999
1695.6	0.385477	-9999
1695.7	0.3984726	-9999
1695.8	0.4099387	-9999
1695.9	0.4191533	-9999
1696	0.4255832	-9999
1696.1	0.4338339	-9999
1696.2	0.4450896	-9999
1696.3	0.4524447	-9999
1696.4	0.4597016	-9999
1696.5	0.467743	-9999
1696.6	0.4796537	-9999
1696.7	0.4891322	-9999
1696.8	0.4913907	-9999
1696.9	0.5009285	-9999
1697	0.5118132	-9999
1697.1	0.520823	-9999
1697.2	0.5247437	-9999
1697.3	0.5260743	-9999
1697.4	0.5245619	-9999
1697.5	0.5211024	-9999
1697.6	0.5177386	-9999
1697.7	0.5193639	-9999
1697.8	0.517964	-9999
1697.9	0.5153258	-9999
1698	0.5162186	-9999
1698.1	0.5155316	-9999
1698.2	0.5135759	-9999
1698.3	0.5091537	-9999
1698.4	0.5065749	-9999
1698.5	0.5053651	-9999
1698.6	0.4955158	-9999
1698.7	0.4840119	-9999
1698.8	0.4708267	-9999
1698.9	0.4430811	-9999
1699	0.4285081	-9999
1699.1	0.4306824	-9999
1699.2	0.4269901	-9999
1699.3	0.424351	-9999
1699.4	0.4240156	-9999
1699.5	0.4076761	-9999
1699.6	0.3952731	-9999
1699.7	0.3942875	-9999
1699.8	0.394941	-9999
1699.9	0.3987638	-9999
1700	0.409063	-9999
1700.1	0.4148161	-9999
1700.2	0.4176136	-9999
1700.3	0.4155477	-9999
1700.4	0.4218956	-9999
1700.5	0.4256132	-9999
1700.6	0.4075859	-9999
1700.7	0.4007083	-9999
1700.8	0.400476	-9999
1700.9	0.4080887	-9999
1701	0.409838	-9999
1701.1	0.4087657	-9999
1701.2	0.4119302	-9999
1701.3	0.414753	-9999
1701.4	0.4175527	-9999
1701.5	0.4235173	-9999
1701.6	0.4271051	-9999
1701.7	0.428664	-9999
1701.8	0.4299645	-9999
1701.9	0.428887	-9999
1702	0.425354	-9999
1702.1	0.4235917	-9999
1702.2	0.4182869	-9999
1702.3	0.4084729	-9999
1702.4	0.4043361	-9999
1702.5	0.4017592	-9999
1702.6	0.4008087	-9999
1702.7	0.4036526	-9999
1702.8	0.4094064	-9999
1702.9	0.4195684	-9999
1703	0.426631	-9999
1703.1	0.4331828	-9999
1703.2	0.4400875	-9999
1703.3	0.4443991	-9999
1703.4	0.4461575	-9999
1703.5	0.4425595	-9999
1703.6	0.4436902	-9999
1703.7	0.4500393	-9999
1703.8	0.4698566	-9999
1703.9	0.4775072	-9999
1704	0.4797691	-9999
1704.1	0.4838523	-9999
1704.2	0.4853585	-9999
1704.3	0.4851518	-9999
1704.4	0.483193	-9999
1704.5	0.4816346	-9999
1704.6	0.4805267	-9999
1704.7	0.4820074	-9999
1704.8	0.4804698	-9999
1704.9	0.4763849	-9999
1705	0.4777059	-9999
1705.1	0.4777875	-9999
1705.2	0.4765687	-9999
1705.3	0.4736692	-9999
1705.4	0.4673452	-9999
1705.5	0.4567425	-9999
1705.6	0.4461242	-9999
1705.7	0.4373066	-9999
1705.8	0.4312844	-9999
1705.9	0.433176	-9999
1706	0.4336513	-9999
1706.1	0.4291304	-9999
1706.2	0.4259857	-9999
1706.3	0.4269398	-9999
1706.4	0.4369241	-9999
1706.5	0.4354371	-9999
1706.6	0.4311704	-9999
1706.7	0.4287478	-9999
1706.8	0.4340673	-9999
1706.9	0.4433948	-9999
1707	0.4569491	-9999
1707.1	0.4594291	-9999
1707.2	0.4564987	-9999
1707.3	0.452996	-9999
1707.4	0.445309	-9999
1707.5	0.4359734	-9999
1707.6	0.4337873	-9999
1707.7	0.4323076	-9999
1707.8	0.4315577	-9999
1707.9	0.4344884	-9999
1708	0.4317804	-9999
1708.1	0.4241949	-9999
1708.2	0.4268488	-9999
1708.3	0.4257325	-9999
1708.4	0.4205966	-9999
1708.5	0.4247985	-9999
1708.6	0.432093	-9999
1708.7	0.4428847	-9999
1708.8	0.4521998	-9999
1708.9	0.4613919	-9999
1709	0.4706146	-9999
1709.1	0.4810498	-9999
1709.2	0.4920548	-9999
1709.3	0.5037955	-9999
1709.4	0.5119568	-9999
1709.5	0.5181329	-9999
1709.6	0.5214528	-9999
1709.7	0.5273636	-9999
1709.8	0.5338967	-9999
1709.9	0.5399334	-9999
1710	0.5477571	-9999
1710.1	0.5502532	-9999
1710.2	0.528044	-9999
1710.3	0.5271906	-9999
1710.4	0.5349825	-9999
1710.5	0.5325367	-9999
1710.6	0.5293554	-9999
1710.7	0.5264396	-9999
1710.8	0.5299022	-9999
1710.9	0.5278042	-9999
1711	0.5209148	-9999
1711.1	0.5012962	-9999
1711.2	0.4743872	-9999
1711.3	0.4412062	-9999
1711.4	0.469085	-9999
1711.5	0.4848718	-9999
1711.6	0.4875588	-9999
1711.7	0.4848122	-9999
1711.8	0.4813477	-9999
1711.9	0.4772682	-9999
1712	0.4646608	-9999
1712.1	0.4449075	-9999
1712.2	0.4150771	-9999
1712.3	0.4084502	-9999
1712.4	0.4118008	-9999
1712.5	0.4274039	-9999
1712.6	0.4316477	-9999
1712.7	0.4393703	-9999
1712.8	0.4621951	-9999
1712.9	0.4686702	-9999
1713	0.4681815	-9999
1713.1	0.461634	-9999
1713.2	0.4533259	-9999
1713.3	0.4463332	-9999
1713.4	0.4478155	-9999
1713.5	0.4531353	-9999
1713.6	0.4640062	-9999
1713.7	0.4965385	-9999
1713.8	0.5103468	-9999
1713.9	0.5130906	-9999
1714	0.5197095	-9999
1714.1	0.526657	-9999
1714.2	0.5336508	-9999
1714.3	0.5366896	-9999
1714.4	0.5380984	-9999
1714.5	0.5380263	-9999
1714.6	0.5382411	-9999
1714.7	0.5370753	-9999
1714.8	0.5343898	-9999
1714.9	0.5307463	-9999
1715	0.5272235	-9999
1715.1	0.5239268	-9999
1715.2	0.5200033	-9999
1715.3	0.5188724	-9999
1715.4	0.5224063	-9999
1715.5	0.5196581	-9999
1715.6	0.5155438	-9999
1715.7	0.5108075	-9999
1715.8	0.4943887	-9999
1715.9	0.4767227	-9999
1716	0.4629112	-9999
1716.1	0.4618863	-9999
1716.2	0.4636325	-9999
1716.3	0.4612782	-9999
1716.4	0.4591519	-9999
1716.5	0.4582977	-9999
1716.6	0.4625388	-9999
1716.7	0.4700285	-9999
1716.8	0.4788578	-9999
1716.9	0.4858178	-9999
1717	-9999	-9999
1717.1	-9999	-9999
1717.2	-9999	-9999
1717.3	-9999	-9999
1717.4	-9999	-9999
1717.5	-9999	-9999
1717.6	-9999	-9999
1717.7	-9999	-9999
1717.8	-9999	-9999
1717.9	-9999	-9999
1718	-9999	-9999
1718.1	-9999	-9999
1718.2	-9999	-9999
1718.3	-9999	-9999
1718.4	-9999	-9999
1718.5	-9999	-9999
1718.6	-9999	-9999
1718.7	-9999	-9999
1718.8	-9999	-9999
1718.9	-9999	-9999
1719	-9999	-9999
1719.1	-9999	-9999
1719.2	-9999	-9999
1719.3	-9999	-9999
1719.4	-9999	-9999
1719.5	-9999	-9999
1719.6	-9999	-9999
1719.7	-9999	-9999
1719.8	-9999	-9999
1719.9	-9999	-9999
1720	-9999	-9999
1720.1	-9999	-9999
1720.2	-9999	-9999
1720.3	-9999	-9999
1720.4	-9999	-9999
1720.5	-9999	-9999
1720.6	-9999	-9999
1720.7	-9999	-9999
1720.8	-9999	-9999
1720.9	-9999	-9999
1721	-9999	-9999
1721.1	-9999	-9999
1721.2	-9999	-9999
1721.3	-9999	-9999
1721.4	-9999	-9999
1721.5	-9999	-9999
1721.6	-9999	-9999
1721.7	-9999	-9999
1721.8	-9999	-9999
1721.9	-9999	-9999
1722	-9999	-9999
1722.1	-9999	-9999
1722.2	-9999	-9999
1722.3	-9999	-9999
1722.4	-9999	-9999
1722.5	-9999	-9999
1722.6	-9999	-9999
1722.7	-9999	-9999
1722.8	-9999	-9999
1722.9	-9999	-9999
1723	-9999	-9999
1723.1	-9999	-9999
1723.2	-9999	-9999
1723.3	-9999	-9999
1723.4	-9999	-9999
1723.5	-9999	-9999
1723.6	-9999	-9999
1723.7	-9999	-9999
1723.8	-9999	-9999
1723.9	-9999	-9999
1724	-9999	-9999
1724.1	-9999	-9999
1724.2	-9999	-9999
1724.3	-9999	-9999
1724.4	-9999	-9999
1724.5	-9999	-9999
1724.6	-9999	-9999
1724.7	-9999	-9999
1724.8	-9999	-9999
1724.9	-9999	-9999
1725	-9999	-9999
1725.1	-9999	-9999
1725.2	-9999	-9999
1725.3	-9999	-9999
1725.4	-9999	-9999
1725.5	-9999	-9999
1725.6	-9999	-9999
1725.7	-9999	-9999
1725.8	-9999	-9999
1725.9	-9999	-9999
1726	-9999	-9999
1726.1	-9999	-9999
1726.2	-9999	-9999
1726.3	-9999	-9999
1726.4	-9999	-9999
1726.5	-9999	-9999
1726.6	-9999	-9999
1726.7	-9999	-9999
1726.8	-9999	-9999
1726.9	-9999	-9999
1727	-9999	-9999
1727.1	-9999	-9999
1727.2	-9999	-9999
1727.3	-9999	-9999
1727.4	-9999	-9999
1727.5	-9999	-9999
1727.6	-9999	-9999
1727.7	-9999	-9999
1727.8	-9999	-9999
