深度        孔隙度     含水合物饱和度
1556	-9999	-9999
1556.1	-9999	-9999
1556.2	-9999	-9999
1556.3	-9999	-9999
1556.4	-9999	-9999
1556.5	-9999	-9999
1556.6	-9999	-9999
1556.7	-9999	-9999
1556.8	-9999	-9999
1556.9	-9999	-9999
1557	-9999	-9999
1557.1	-9999	-9999
1557.2	-9999	-9999
1557.3	-9999	-9999
1557.4	-9999	-9999
1557.5	-9999	-9999
1557.6	-9999	-9999
1557.7	-9999	-9999
1557.8	-9999	-9999
1557.9	-9999	-9999
1558	-9999	-9999
1558.1	-9999	-9999
1558.2	-9999	-9999
1558.3	-9999	-9999
1558.4	-9999	-9999
1558.5	-9999	-9999
1558.6	-9999	-9999
1558.7	-9999	-9999
1558.8	-9999	-9999
1558.9	-9999	-9999
1559	-9999	-9999
1559.1	-9999	-9999
1559.2	-9999	-9999
1559.3	-9999	-9999
1559.4	-9999	-9999
1559.5	-9999	-9999
1559.6	-9999	-9999
1559.7	-9999	-9999
1559.8	-9999	-9999
1559.9	-9999	-9999
1560	-9999	-9999
1560.1	-9999	-9999
1560.2	-9999	-9999
1560.3	-9999	-9999
1560.4	-9999	-9999
1560.5	-9999	-9999
1560.6	-9999	-9999
1560.7	-9999	-9999
1560.8	-9999	-9999
1560.9	-9999	-9999
1561	-9999	-9999
1561.1	-9999	-9999
1561.2	-9999	-9999
1561.3	-9999	-9999
1561.4	-9999	-9999
1561.5	-9999	-9999
1561.6	-9999	-9999
1561.7	-9999	-9999
1561.8	-9999	-9999
1561.9	-9999	-9999
1562	-9999	-9999
1562.1	-9999	-9999
1562.2	-9999	-9999
1562.3	-9999	-9999
1562.4	-9999	-9999
1562.5	-9999	-9999
1562.6	-9999	-9999
1562.7	-9999	-9999
1562.8	-9999	-9999
1562.9	-9999	-9999
1563	-9999	-9999
1563.1	-9999	-9999
1563.2	-9999	-9999
1563.3	-9999	-9999
1563.4	-9999	-9999
1563.5	-9999	-9999
1563.6	-9999	-9999
1563.7	-9999	-9999
1563.8	-9999	-9999
1563.9	-9999	-9999
1564	-9999	-9999
1564.1	-9999	-9999
1564.2	-9999	-9999
1564.3	-9999	-9999
1564.4	-9999	-9999
1564.5	-9999	-9999
1564.6	-9999	-9999
1564.7	-9999	-9999
1564.8	-9999	-9999
1564.9	-9999	-9999
1565	-9999	-9999
1565.1	-9999	-9999
1565.2	-9999	-9999
1565.3	-9999	-9999
1565.4	-9999	-9999
1565.5	-9999	-9999
1565.6	-9999	-9999
1565.7	-9999	-9999
1565.8	-9999	-9999
1565.9	-9999	-9999
1566	-9999	-0.08310702
1566.1	0.8201169	-0.08998691
1566.2	0.811197	-0.09140639
1566.3	0.7986604	-0.08681481
1566.4	0.7887645	-0.07042864
1566.5	0.7855657	-0.05325192
1566.6	0.7833326	-0.03581344
1566.7	0.7815642	-0.01388871
1566.8	0.7803859	0
1566.9	0.7852646	0
1567	0.7894033	0
1567.1	0.7846207	0
1567.2	0.7859501	0
1567.3	0.7883706	0
1567.4	0.7844511	0
1567.5	0.7830781	0
1567.6	0.7823698	0
1567.7	0.7775506	0
1567.8	0.7659654	0
1567.9	0.7500195	0
1568	0.7333362	0
1568.1	0.7345771	0
1568.2	0.7492325	0
1568.3	0.7532824	0
1568.4	0.7625576	0
1568.5	0.7767339	0
1568.6	0.7774628	0
1568.7	0.7734742	0
1568.8	0.7642464	0
1568.9	0.7494384	0
1569	0.7375018	0
1569.1	0.7299876	0
1569.2	0.7280735	0
1569.3	0.7286956	0
1569.4	0.7325021	0
1569.5	0.7366055	0
1569.6	0.7382815	0
1569.7	0.7347819	0
1569.8	0.7262701	0
1569.9	0.716126	0
1570	0.7049874	0
1570.1	0.7006363	0
1570.2	0.6968946	0
1570.3	0.6876372	0
1570.4	0.679419	0
1570.5	0.6746957	0
1570.6	0.6839034	0
1570.7	0.6812359	0
1570.8	0.6732992	0
1570.9	0.6716622	0
1571	0.6645083	0
1571.1	0.6539018	0
1571.2	0.6444328	0
1571.3	0.638984	0
1571.4	0.637337	0
1571.5	0.6529142	0
1571.6	0.6566529	0
1571.7	0.6491081	0
1571.8	0.6548432	0
1571.9	0.6515317	0
1572	0.6375837	0
1572.1	0.6253504	0.001109558
1572.2	0.6106732	0.02884851
1572.3	0.5924113	0.03309033
1572.4	0.5797764	0.01529222
1572.5	0.5669857	0.01431293
1572.6	0.5527576	0.01822887
1572.7	0.5580365	0.02755529
1572.8	0.5694327	0.0316539
1572.9	0.586166	0.03411662
1573	0.6018193	0.03474853
1573.1	0.6153713	0.03241144
1573.2	0.6240399	0.02653164
1573.3	0.6210479	0.01525293
1573.4	0.6162649	0.005162011
1573.5	0.6188868	-0.004777663
1573.6	0.6172159	-0.01484599
1573.7	0.6139755	-0.02591974
1573.8	0.6120002	-0.03573719
1573.9	0.6066468	-0.04159977
1574	0.6022183	-0.03574469
1574.1	0.6163738	-0.02662586
1574.2	0.6271293	-0.01954064
1574.3	0.6353765	-0.01708166
1574.4	0.6404136	-0.01484856
1574.5	0.6396934	-0.00478329
1574.6	0.6341762	-0.002002941
1574.7	0.622619	-0.003804272
1574.8	0.6137277	-0.01061328
1574.9	0.6074185	-0.01204796
1575	0.6060522	-0.01055217
1575.1	0.605927	-0.01488562
1575.2	0.6071643	-0.0215909
1575.3	0.6059671	-0.03013537
1575.4	0.6051371	-0.0380265
1575.5	0.6050686	-0.04432524
1575.6	0.6007229	-0.04910624
1575.7	0.5978793	-0.04029896
1575.8	0.5986026	-0.03128576
1575.9	0.5965453	-0.02222531
1576	0.5951287	-0.01597937
1576.1	0.5962452	-0.0104656
1576.2	0.5943461	-0.005727483
1576.3	0.5924715	-0.00156469
1576.4	0.5928272	0.004312205
1576.5	0.5937983	0.01325251
1576.6	0.5976858	0.02027417
1576.7	0.6111624	0.0244168
1576.8	0.6152555	0.02319508
1576.9	0.613574	0.01252311
1577	0.6038239	-0.001861861
1577.1	0.5884851	-0.01970239
1577.2	0.5712053	-0.03394536
1577.3	0.5616597	-0.04590145
1577.4	0.5600121	-0.05413385
1577.5	0.5634052	-0.05591416
1577.6	0.5640661	-0.05545325
1577.7	0.5656637	-0.05744546
1577.8	0.5679664	-0.06256678
1577.9	0.5683548	-0.06844848
1578	0.569051	-0.06813255
1578.1	0.5700501	-0.0639741
1578.2	0.5733104	-0.05815789
1578.3	0.5738865	-0.06224915
1578.4	0.5712053	-0.07093286
1578.5	0.5710765	-0.08302666
1578.6	0.5718963	-0.08733869
1578.7	0.5738223	-0.0871747
1578.8	0.5766442	-0.08267567
1578.9	0.5782481	-0.08417546
1579	0.5774775	-0.08579709
1579.1	0.5765247	-0.08744725
1579.2	0.5759014	-0.07684813
1579.3	0.5760832	-0.06530565
1579.4	0.5750352	-0.05361219
1579.5	0.5744253	-0.03979842
1579.6	0.5759594	-0.02767279
1579.7	0.5799071	-0.01896404
1579.8	0.5845973	-0.01224736
1579.9	0.5889055	-0.004535848
1580	0.5845985	0.006150386
1580.1	0.575428	0.00814678
1580.2	0.561161	0.004945992
1580.3	0.5529058	-0.006216663
1580.4	0.5479014	-0.01348814
1580.5	0.5423648	-0.01894597
1580.6	0.5412846	-0.02272058
1580.7	0.5437889	-0.01711223
1580.8	0.5535597	-0.006529572
1580.9	0.5616401	0.008270106
1581	0.568203	0.0151571
1581.1	0.5697623	0.01754464
1581.2	0.5711226	0.0185107
1581.3	0.5722839	0.01987905
1581.4	0.5723881	0.02121345
1581.5	0.5754918	0.0188744
1581.6	0.5822639	0.01996636
1581.7	0.5791299	0.02388373
1581.8	0.5766298	0.02921843
1581.9	0.5761983	0.02849212
1582	0.5684125	0.02180103
1582.1	0.5615167	0.01646713
1582.2	0.558045	0.01331166
1582.3	0.5547708	0.01272196
1582.4	0.553516	0.00672769
1582.5	0.5567085	0.006373976
1582.6	0.5656703	0.01477675
1582.7	0.5756522	0.01468411
1582.8	0.5840135	0.008290876
1582.9	0.5845044	-0.007321554
1583	0.5805519	-0.009723152
1583.1	0.5705761	-0.007215276
1583.2	0.5638804	0.000403814
1583.3	0.5595709	-0.002365613
1583.4	0.5598426	-0.007024173
1583.5	0.5593852	-0.00915762
1583.6	0.5593402	-0.009654966
1583.7	0.5655621	-0.009423809
1583.8	0.571465	-0.008634938
1583.9	0.5771222	-0.003553128
1584	0.5824264	0.002006775
1584.1	0.5800068	0.000471706
1584.2	0.5712056	-0.003812856
1584.3	0.5669436	-0.009331406
1584.4	0.5633636	-0.01275322
1584.5	0.5604767	-0.01727664
1584.6	0.5579319	-0.02198445
1584.7	0.5583657	-0.01944461
1584.8	0.5624574	-0.01350493
1584.9	0.5627005	-0.004889927
1585	0.5679467	-0.001518013
1585.1	0.5811721	0.000112845
1585.2	0.5958399	2.64E-06
1585.3	0.6054143	0
1585.4	0.6052367	0
1585.5	0.5950543	0
1585.6	0.5823434	0
1585.7	0.5686017	0
1585.8	0.5624613	0
1585.9	0.5598648	0
1586	0.5613369	0
1586.1	0.563856	0
1586.2	0.5647979	0
1586.3	0.5582747	0
1586.4	0.560757	0
1586.5	0.5665616	0
1586.6	0.5679659	0
1586.7	0.5667562	0
1586.8	0.5636855	0
1586.9	0.557722	0
1587	0.5528682	0
1587.1	0.5494871	0
1587.2	0.5562706	0
1587.3	0.5650568	0
1587.4	0.5754988	0
1587.5	0.5828616	0
1587.6	0.5875978	0
1587.7	0.589622	0
1587.8	0.5976903	0
1587.9	0.6052868	0
1588	0.6120422	0
1588.1	0.6166158	0
1588.2	0.6189004	0
1588.3	0.6179831	0
1588.4	0.6175393	0
1588.5	0.6138923	0
1588.6	0.6041138	0
1588.7	0.5911052	0
1588.8	0.5783069	0
1588.9	0.5676087	0
1589	0.5692919	0
1589.1	0.5732909	0
1589.2	0.5735553	0
1589.3	0.5725496	0
1589.4	0.5692499	0
1589.5	0.5588508	0
1589.6	0.5562199	0
1589.7	0.5569707	0
1589.8	0.5562395	0
1589.9	0.5557624	0
1590	0.554025	0
1590.1	0.5406562	0
1590.2	0.5250307	0
1590.3	0.5078236	0
1590.4	0.4910234	0
1590.5	0.4801798	0
1590.6	0.474409	0
1590.7	0.4617517	0
1590.8	0.4535035	0
1590.9	0.4498811	0
1591	0.4550603	0
1591.1	0.4602389	0
1591.2	0.4649985	0
1591.3	0.4617246	0
1591.4	0.4596093	0
1591.5	0.4604335	0
1591.6	0.4538955	0
1591.7	0.4500954	0
1591.8	0.4536515	0
1591.9	0.4553034	0
1592	0.4538169	0
1592.1	0.4458601	0
1592.2	0.4415858	0
1592.3	0.4382558	0
1592.4	0.4344914	0
1592.5	0.43979	0
1592.6	0.4485639	0
1592.7	0.457419	0
1592.8	0.460274	0
1592.9	0.459283	0
1593	0.452879	0
1593.1	0.4453717	0
1593.2	0.4372042	0
1593.3	0.4289779	0
1593.4	0.4225527	0
1593.5	0.4177918	0
1593.6	0.4191018	0
1593.7	0.420976	0
1593.8	0.4233881	0
1593.9	0.4309395	-0.002027992
1594	0.4340842	-0.02080569
1594.1	0.432531	-0.03417935
1594.2	0.4298487	-0.04205681
1594.3	0.4239841	-0.02413536
1594.4	0.4140639	-0.0100237
1594.5	0.4130133	0.000643715
1594.6	0.4165441	-0.000728245
1594.7	0.4259515	-0.002603837
1594.8	0.4311854	-0.00500783
1594.9	0.4343042	-0.007089284
1595	0.4345925	-0.01043092
1595.1	0.4352711	-0.01539175
1595.2	0.4348969	-0.01454915
1595.3	0.4317564	-0.01429882
1595.4	0.4270031	-0.01579257
1595.5	0.4246694	-0.01921017
1595.6	0.4313424	-0.02066103
1595.7	0.4337499	-0.01780341
1595.8	0.4334058	-0.01817924
1595.9	0.4285787	-0.01950945
1596	0.4173458	-0.02142136
1596.1	0.4044972	-0.02619296
1596.2	0.4003468	-0.03226069
1596.3	0.3973052	-0.03969764
1596.4	0.3957112	-0.04396931
1596.5	0.4011319	-0.04500333
1596.6	0.4080947	-0.03791335
1596.7	0.4159696	-0.03341698
1596.8	0.419776	-0.03097261
1596.9	0.4259611	-0.03304113
1597	0.4342428	-0.03230128
1597.1	0.4351101	-0.03042084
1597.2	0.4359809	-0.0330459
1597.3	0.4368555	-0.0366878
1597.4	0.4320059	-0.04055299
1597.5	0.4293448	-0.0357697
1597.6	0.4299075	-0.03143137
1597.7	0.4287615	-0.02751009
1597.8	0.426079	-0.02676732
1597.9	0.4212095	-0.02592804
1598	0.4200682	-0.02498586
1598.1	0.4174372	-0.03642279
1598.2	0.4106627	-0.04190723
1598.3	0.4120013	-0.03902444
1598.4	0.4157693	-0.03892503
1598.5	0.4208998	-0.04137773
1598.6	0.4235844	-0.04743227
1598.7	0.4276657	-0.04776149
1598.8	0.4385622	-0.04938151
1598.9	0.4400222	-0.05525658
1599	0.4384553	-0.05733693
1599.1	0.4399026	-0.05752712
1599.2	0.4357617	-0.05520907
1599.3	0.4305135	-0.05339672
1599.4	0.4351927	-0.05016055
1599.5	0.4397074	-0.04203959
1599.6	0.4435315	-0.04286288
1599.7	0.4418015	-0.04736008
1599.8	0.4410436	-0.0526596
1599.9	0.4409213	-0.05167286
1600	0.4389779	-0.04828184
1600.1	0.4388859	-0.0487134
1600.2	0.4404757	-0.04690985
1600.3	0.442304	-0.04360158
1600.4	0.4402327	-0.038872
1600.5	0.4338685	-0.03694304
1600.6	0.4287032	-0.03659071
1600.7	0.4233555	-0.02739763
1600.8	0.4176831	-0.02133858
1600.9	0.411097	-0.01813303
1601	0.4068406	-0.0278441
1601.1	0.4065436	-0.03632451
1601.2	0.4083775	-0.04347171
1601.3	0.4124257	-0.03885866
1601.4	0.4202078	-0.03521374
1601.5	0.4254653	-0.03355341
1601.6	0.4280634	-0.02913379
1601.7	0.4254695	-0.02159627
1601.8	0.4227129	-0.009505582
1601.9	0.4218935	-0.01105076
1602	0.4275115	-0.01157009
1602.1	0.4373385	-0.005675438
1602.2	0.4489598	0.0119553
1602.3	0.4609765	0.02509278
1602.4	0.461782	0.02040435
1602.5	0.4581025	0.000980164
1602.6	0.4617206	-0.02342049
1602.7	0.4683194	-0.04916568
1602.8	0.4766478	-0.07025379
1602.9	0.4837081	-0.08505673
1603	0.4981239	-0.08118338
1603.1	0.5178722	-0.07813269
1603.2	0.5319303	-0.07530509
1603.3	0.5476546	-0.0713731
1603.4	0.5649169	-0.06456717
1603.5	0.5816457	-0.05659579
1603.6	0.5945921	-0.05423663
1603.7	0.6033098	-0.05230409
1603.8	0.6052067	-0.05046279
1603.9	0.606786	-0.04409983
1604	0.6084424	-0.04153661
1604.1	0.6071076	-0.04242507
1604.2	0.6032775	-0.04137287
1604.3	0.5958576	-0.04028225
1604.4	0.5907307	-0.03914936
1604.5	0.5859424	-0.03571007
1604.6	0.5810319	-0.02988934
1604.7	0.5832222	-0.02104137
1604.8	0.588625	-0.01958653
1604.9	0.5978373	-0.01747383
1605	0.6034451	-0.01300681
1605.1	0.6062794	-0.002955763
1605.2	0.6037834	0.003267842
1605.3	0.5965753	-9.96E-05
1605.4	0.5880259	-0.008822869
1605.5	0.5821472	-0.01857983
1605.6	0.5789629	-0.02773428
1605.7	0.5777467	-0.03523614
1605.8	0.5802152	-0.04324633
1605.9	0.5855407	-0.05459161
1606	0.5922619	-0.0641536
1606.1	0.5946769	-0.07037053
1606.2	0.5963681	-0.06525508
1606.3	0.5970908	-0.045918
1606.4	0.5879943	-0.02097715
1606.5	0.5804036	-0.005820249
1606.6	0.5742252	0
1606.7	0.5709797	0
1606.8	0.5694783	0
1606.9	0.5699325	0
1607	0.5610498	0
1607.1	0.555603	0
1607.2	0.555666	0
1607.3	0.5500665	0
1607.4	0.5457301	0
1607.5	0.5446354	0
1607.6	0.5460073	0
1607.7	0.548699	0
1607.8	0.5532216	0
1607.9	0.5493534	0
1608	0.5412789	0
1608.1	0.5276729	0
1608.2	0.5168265	0
1608.3	0.507309	0.03170672
1608.4	0.4992091	0.06179588
1608.5	0.4919037	0.07728684
1608.6	0.4855078	0.06672028
1608.7	0.4817337	0.05107146
1608.8	0.4850816	0.03868854
1608.9	0.4928068	0.03364265
1609	0.5047575	0.03157808
1609.1	0.5198166	0.03154368
1609.2	0.5364518	0.03421785
1609.3	0.5484212	0.03729988
1609.4	0.5518736	0.03723668
1609.5	0.5487075	0.04230238
1609.6	0.5475105	0.04869846
1609.7	0.543138	0.04676091
1609.8	0.5357387	0.03710886
1609.9	0.5303797	0.02342306
1610	0.5276875	0.01862019
1610.1	0.5280472	0.01432472
1610.2	0.5271959	0.01020569
1610.3	0.5274675	0.000907291
1610.4	0.5294239	-0.006630484
1610.5	0.5272366	-0.01251682
1610.6	0.5219569	-0.01187498
1610.7	0.512228	-0.009565263
1610.8	0.5067282	-0.005419444
1610.9	0.5041648	0.005254827
1611	0.5061797	0.01251713
1611.1	0.5044215	0.01453284
1611.2	0.4990848	0.01473824
1611.3	0.4867586	0.01466218
1611.4	0.4791903	0.01446567
1611.5	0.4748406	0.006104033
1611.6	0.4760879	-0.00404455
1611.7	0.4792523	-0.01486786
1611.8	0.4830738	-0.02311734
1611.9	0.4861254	-0.03135278
1612	0.486643	-0.04123928
1612.1	0.4858463	-0.05378284
1612.2	0.485309	-0.06549074
1612.3	0.4845423	-0.07140208
1612.4	0.4834533	-0.07161392
1612.5	0.4803864	-0.06992159
1612.6	0.478548	-0.07047158
1612.7	0.4779515	-0.06780169
1612.8	0.4852447	-0.06259654
1612.9	0.4922034	-0.05182312
1613	0.498838	-0.04035985
1613.1	0.5035331	-0.02839321
1613.2	0.5058804	-0.01578781
1613.3	0.5055085	-0.01064082
1613.4	0.502395	-0.01216234
1613.5	0.4955627	-0.03532938
1613.6	0.4836906	-0.05371843
1613.7	0.4768558	-0.06755347
1613.8	0.4728837	-0.06561671
1613.9	0.4728036	-0.06570337
1614	0.4709585	-0.06834871
1614.1	0.4673769	-0.07849216
1614.2	0.4607646	-0.08337259
1614.3	0.4536541	-0.08019266
1614.4	0.4494969	-0.07310742
1614.5	0.4537637	-0.06591451
1614.6	0.4576443	-0.05934873
1614.7	0.4611374	-0.05870339
1614.8	0.4637274	-0.05657752
1614.9	0.4631644	-0.04898014
1615	0.4620956	-0.04585157
1615.1	0.465222	-0.04133959
1615.2	0.4730099	-0.03005968
1615.3	0.4822369	-0.01690537
1615.4	0.4837434	-0.00590895
1615.5	0.4817716	-0.004575696
1615.6	0.477412	-0.002232875
1615.7	0.4722145	-0.001220577
1615.8	0.4701513	-0.008463238
1615.9	0.4707851	-0.02154498
1616	0.4767388	-0.03539287
1616.1	0.4816743	-0.03322846
1616.2	0.485608	-0.03066253
1616.3	0.4941083	-0.02883896
1616.4	0.4997225	-0.03857967
1616.5	0.5017827	-0.04451622
1616.6	0.5094938	-0.04752614
1616.7	0.5159621	-0.05390074
1616.8	0.5200286	-0.06004252
1616.9	0.5250262	-0.06595879
1617	0.5280225	-0.06814325
1617.1	0.5272434	-0.06670929
1617.2	0.5213083	-0.06109883
1617.3	0.5148404	-0.06940151
1617.4	0.509428	-0.0797326
1617.5	0.5055597	-0.09160087
1617.6	0.5044016	-0.09327219
1617.7	0.5096417	-0.08796165
1617.8	0.5147762	-0.07269912
1617.9	0.5204077	-0.0589999
1618	0.5279781	-0.04631463
1618.1	0.5328989	-0.03517959
1618.2	0.5356766	-0.02728422
1618.3	0.5336806	-0.02021015
1618.4	0.5314451	-0.01305543
1618.5	0.5285642	-0.00519465
1618.6	0.5219208	0.000644587
1618.7	0.5111429	-0.001544809
1618.8	0.4981757	-0.007447021
1618.9	0.4931107	-0.01272991
1619	0.4927596	-0.007224691
1619.1	0.4966041	-0.001088658
1619.2	0.5129529	0.003426381
1619.3	0.524651	-0.005930853
1619.4	0.5316983	-0.0140861
1619.5	0.5294745	-0.0213573
1619.6	0.5266135	-0.0276227
1619.7	0.5232564	-0.03647877
1619.8	0.5194691	-0.04712268
1619.9	0.5192805	-0.04684094
1620	0.52445	-0.04937066
1620.1	0.5176877	-0.05466722
1620.2	0.5096614	-0.06598181
1620.3	0.5022919	-0.06783839
1620.4	0.497903	-0.05826524
1620.5	0.4956788	-0.05932962
1620.6	0.4969657	-0.06032964
1620.7	0.4996271	-0.06011012
1620.8	0.5031548	-0.04559507
1620.9	0.5080698	-0.03008543
1621	0.521283	-0.01614255
1621.1	0.5382701	-0.001360389
1621.2	0.5582204	0.01069039
1621.3	0.5700811	0.01635507
1621.4	0.5774708	0.01140481
1621.5	0.5807694	0.006400529
1621.6	0.579814	0.009207268
1621.7	0.5771297	0.01308831
1621.8	0.5795056	0.01594562
1621.9	0.5817601	0.01371712
1622	0.5839849	0.01140354
1622.1	0.5869479	0.01055124
1622.2	0.5900137	0.01712327
1622.3	0.5930774	0.02456858
1622.4	0.5918034	0.03189299
1622.5	0.5892589	0.03479074
1622.6	0.5854234	0.02918731
1622.7	0.5753646	0.01756112
1622.8	0.5655568	0.002581046
1622.9	0.5562789	-0.008614575
1623	0.5484682	-0.01660735
1623.1	0.5429627	-0.02129117
1623.2	0.5407339	-0.024599
1623.3	0.5443859	-0.02653083
1623.4	0.5497518	-0.01662409
1623.5	0.5567402	-0.007762625
1623.6	0.5670348	-0.00052137
1623.7	0.573958	0
1623.8	0.5715905	0
1623.9	0.5728087	0
1624	0.5751573	0
1624.1	0.5778521	0
1624.2	0.5815347	0
1624.3	0.5841544	0
1624.4	0.5813504	0
1624.5	0.5836208	0
1624.6	0.5871927	0
1624.7	0.5852892	0
1624.8	0.5870552	0
1624.9	0.59057	0
1625	0.5912986	0
1625.1	0.5887563	0
1625.2	0.5838702	0
1625.3	0.5782222	0
1625.4	0.571449	0
1625.5	0.5637561	0
1625.6	0.5584571	0
1625.7	0.5453466	0
1625.8	0.5241706	0
1625.9	0.5078424	0
1626	0.4930049	0
1626.1	0.4798334	0
1626.2	0.4626771	0
1626.3	0.446823	0
1626.4	0.4334836	0
1626.5	0.4228491	0
1626.6	0.4123656	0
1626.7	0.4014207	0
1626.8	0.3895344	0
1626.9	0.3801594	-0.01435331
1627	0.3771139	-0.02988174
1627.1	0.3720945	-0.04540201
1627.2	0.3684971	-0.05469989
1627.3	0.370812	-0.06332271
1627.4	0.3715955	-0.07232426
1627.5	0.3710515	-0.08883176
1627.6	0.3675604	-0.1063249
1627.7	0.3659805	-0.1225048
1627.8	0.3658319	-0.1197139
1627.9	0.3685603	-0.1130586
1628	0.365771	-0.1107228
1628.1	0.3612089	-0.1101164
1628.2	0.3685394	-0.1097763
1628.3	0.3708178	-0.1080393
1628.4	0.3697935	-0.1106965
1628.5	0.3734108	-0.1126939
1628.6	0.3777089	-0.1005706
1628.7	0.3826223	-0.08098587
1628.8	0.3896717	-0.05874917
1628.9	0.3915366	-0.04934411
1629	0.387962	-0.04280801
1629.1	0.3895171	-0.03761758
1629.2	0.3875962	-0.02270788
1629.3	0.3810076	-0.01576269
1629.4	0.3792201	-0.01570809
1629.5	0.3755335	-0.02217261
1629.6	0.3682183	-0.03299625
1629.7	0.3662349	-0.04832075
1629.8	0.3642877	-0.0594999
1629.9	0.3608632	-0.06165687
1630	0.3590029	-0.05268738
1630.1	0.3562155	-0.04444829
1630.2	0.3504062	-0.04456376
1630.3	0.3434465	-0.05732517
1630.4	0.3396031	-0.06127308
1630.5	0.3462394	-0.0638418
1630.6	0.348659	-0.06625041
1630.7	0.350053	-0.06845311
1630.8	0.3537737	-0.07166716
1630.9	0.3582823	-0.07734369
1631	0.3620698	-0.08753148
1631.1	0.3597275	-0.09876475
1631.2	0.3563505	-0.1092359
1631.3	0.3518412	-0.109797
1631.4	0.342857	-0.1065491
1631.5	0.3383171	-0.1028864
1631.6	0.3369663	-0.103004
1631.7	0.3351238	-0.1033454
1631.8	0.3366337	-0.09527366
1631.9	0.3410639	-0.08934456
1632	0.3419543	-0.08916419
1632.1	0.3422461	-0.1261595
1632.2	0.3418997	-0.1689074
1632.3	0.3436699	-0.2158006
1632.4	0.3431573	-0.2634407
1632.5	0.3395779	-0.311992
1632.6	0.3417208	-0.3608899
1632.7	0.3496709	-0.3733824
1632.8	0.3659098	-0.3732935
1632.9	0.3859805	-0.3600046
1633	0.4043853	-0.3390003
1633.1	0.4183854	-0.3096957
1633.2	0.4339033	-0.2701938
1633.3	0.4485764	-0.2266389
1633.4	0.4603706	-0.1861682
1633.5	0.4713675	-0.1510574
1633.6	0.4835485	-0.1240997
1633.7	0.5001447	-0.1032551
1633.8	0.5149075	-0.09170363
1633.9	0.5281194	-0.09332617
1634	0.5378929	-0.09664501
1634.1	0.5454928	-0.09712035
1634.2	0.5513771	-0.09142737
1634.3	0.5534933	-0.08380287
1634.4	0.5543864	-0.07584547
1634.5	0.554679	-0.06321774
1634.6	0.5562007	-0.04831755
1634.7	0.5576257	-0.03144903
1634.8	0.558637	-0.01886684
1634.9	0.5534068	-0.008708275
1635	0.5478673	-0.000609632
1635.1	0.5420475	0.003337045
1635.2	0.5352994	0.004496595
1635.3	0.5298952	0.002833016
1635.4	0.525947	0.001620856
1635.5	0.5222247	0.000756308
1635.6	0.519204	0.000241112
1635.7	0.5170922	0
1635.8	0.5179023	0
1635.9	0.5184722	0
1636	0.5181817	0
1636.1	0.5177938	0
1636.2	0.5174054	0
1636.3	0.5170472	0
1636.4	0.5141914	0
1636.5	0.5099475	0
1636.6	0.503701	0
1636.7	0.5007622	0
1636.8	0.4980276	0
1636.9	0.4927039	0
1637	0.4901859	0
1637.1	0.4890505	0
1637.2	0.4890505	0
1637.3	0.490797	0
1637.4	0.4936607	0
1637.5	0.4980057	0
1637.6	0.5026968	0
1637.7	0.5086976	0
1637.8	0.5250326	-0.05007266
1637.9	0.5400399	-0.3055454
1638	0.5534866	-0.5119083
1638.1	0.5556851	-0.6621268
1638.2	0.5553582	-0.6271272
1638.3	0.5527373	-0.5801987
1638.4	0.555759	-0.5301358
1638.5	0.5595139	-0.5165547
1638.6	0.5640762	-0.5133912
1638.7	0.5663778	-0.5175442
1638.8	0.5674849	-0.5152764
1638.9	0.5671481	-0.5128862
1639	0.5681087	-0.5105619
1639.1	0.5686617	-0.5519373
1639.2	0.5683247	-0.5926837
1639.3	0.5659745	-0.6327486
1639.4	0.5639395	-0.6281139
1639.5	0.5632206	-0.6148584
1639.6	0.5636671	-0.5929731
1639.7	0.5641851	-0.5892591
1639.8	0.5641853	-0.5901632
1639.9	0.5652663	-0.595522
1640	0.5666934	-0.6102788
1640.1	0.5681354	-0.5417184
1640.2	0.5687431	-0.3054837
1640.3	0.5686042	-0.1219704
1640.4	0.5666981	0
1640.5	0.5720692	0
1640.6	0.5806813	0
1640.7	0.5865814	0
1640.8	0.5901878	0
1640.9	0.5920917	0
1641	0.5913032	0
1641.1	0.5906379	0
1641.2	0.590057	0
1641.3	0.5892772	0
1641.4	0.5877533	0
1641.5	0.5855424	0
1641.6	0.5851395	0
1641.7	0.5849252	0
1641.8	0.5849139	0
1641.9	0.5849025	0
1642	0.5857175	0
1642.1	0.5876552	0
1642.2	0.5864477	0
1642.3	0.5850317	0
1642.4	0.5838497	0
1642.5	0.5826835	0
1642.6	0.5819992	0
1642.7	0.5822968	0
1642.8	0.5816192	0
1642.9	0.5783893	0
1643	0.5692076	0
1643.1	0.5659832	0
1643.2	0.5635747	0
1643.3	0.5575022	0
1643.4	0.5548061	0
1643.5	0.5537423	0
1643.6	0.5537424	0
1643.7	0.5511355	0
1643.8	0.5475525	0
1643.9	0.5463006	0
1644	0.5458166	0
1644.1	0.5458193	0
1644.2	0.5458224	0
1644.3	0.5451851	0
1644.4	0.5440542	0
1644.5	0.5429553	0
1644.6	0.5399668	0
1644.7	0.5352058	0.005032393
1644.8	0.5346816	0.01146527
1644.9	0.5331668	0.000758715
1645	0.5304873	-0.01326252
1645.1	0.5271465	-0.02921877
1645.2	0.5214834	-0.0324425
1645.3	0.5126675	-0.03011716
1645.4	0.5128722	-0.02266959
1645.5	0.5139337	-0.01339486
1645.6	0.5146738	-0.006301319
1645.7	0.5145487	-0.001655962
1645.8	0.5121764	-0.004304439
1645.9	0.5054389	-0.006950012
1646	0.499337	-0.009048131
1646.1	0.4958068	-0.01148262
1646.2	0.4986054	-0.01320917
1646.3	0.4991561	-0.01369879
1646.4	0.4989232	-0.01901383
1646.5	0.4985472	-0.02171107
1646.6	0.4967741	-0.01732768
1646.7	0.4947362	-0.0157581
1646.8	0.494168	-0.0142253
1646.9	0.4961107	-0.01102318
1647	0.4995152	-0.01243061
1647.1	0.503875	-0.01555285
1647.2	0.5077025	-0.01942676
1647.3	0.510263	-0.01685072
1647.4	0.5027478	-0.01273443
1647.5	0.4938917	-0.01358473
1647.6	0.4843669	-0.02209683
1647.7	0.4851502	-0.03283561
1647.8	0.4890753	-0.03264542
1647.9	0.4959951	-0.02949094
1648	0.5008461	-0.02394616
1648.1	0.5037723	-0.01310559
1648.2	0.5045039	-0.002977737
1648.3	0.5031852	0.006339408
1648.4	0.5015455	0.009422534
1648.5	0.4996389	0.01459055
1648.6	0.4989328	0.02171417
1648.7	0.4975793	0.02256458
1648.8	0.4948641	0.02049816
1648.9	0.4865583	0.01517352
1649	0.4806763	0.01468594
1649.1	0.4821405	0.0120059
1649.2	0.4869374	0.005901926
1649.3	0.4924359	0.00554675
1649.4	0.497526	0.009370006
1649.5	0.4958943	0.01912071
1649.6	0.4915842	0.02135321
1649.7	0.4858407	0.02151074
1649.8	0.4813444	0.02015066
1649.9	0.4794139	0.02797095
1650	0.4869935	0.03465914
1650.1	0.4896997	0.03235713
1650.2	0.4905798	0.03060899
1650.3	0.4967389	0.02852433
1650.4	0.4996204	0.02468176
1650.5	0.5006075	0.01218055
1650.6	0.5045225	-0.001771928
1650.7	0.5078466	-0.005751001
1650.8	0.510727	-0.009856471
1650.9	0.5144594	-0.01422395
1651	0.5177451	-0.01987845
1651.1	0.5205984	-0.02181894
1651.2	0.5225741	-0.02154482
1651.3	0.5227231	-0.02323307
1651.4	0.5207443	-0.02980541
1651.5	0.5098925	-0.04026647
1651.6	0.5011151	-0.05209916
1651.7	0.4961641	-0.06465761
1651.8	0.4923423	-0.07790779
1651.9	0.4900022	-0.07569895
1652	0.4900022	-0.06953777
1652.1	0.4872585	-0.05902786
1652.2	0.4845333	-0.05113253
1652.3	0.4829798	-0.04280152
1652.4	0.4875927	-0.03362462
1652.5	0.492579	-0.02551899
1652.6	0.4941615	-0.01575806
1652.7	0.4991703	-0.00293159
1652.8	0.5039446	0.000938677
1652.9	0.5037078	0.000650442
1653	0.5061401	-0.004956861
1653.1	0.5079078	-0.01460034
1653.2	0.5008646	-0.02376433
1653.3	0.4985016	-0.0288765
1653.4	0.498344	-0.03576992
1653.5	0.4958051	-0.04130189
1653.6	0.4954789	-0.0400385
1653.7	0.4965757	-0.03395934
1653.8	0.497035	-0.02584103
1653.9	0.4983601	-0.01783852
1654	0.5002378	-0.01296577
1654.1	0.4969147	-0.009341573
1654.2	0.4948213	-0.002842862
1654.3	0.4939383	0.002790858
1654.4	0.4954966	0.008019435
1654.5	0.4950902	0.01511069
1654.6	0.4922804	0.02037882
1654.7	0.4840962	0.02368082
1654.8	0.4780501	0.01154834
1654.9	0.4756752	0.004551289
1655	0.4833822	0.002527928
1655.1	0.4930647	0.008354018
1655.2	0.5039077	0.01272518
1655.3	0.5105035	0.01523856
1655.4	0.513136	0.02054625
1655.5	0.5088662	0.02258025
1655.6	0.508264	0.01966939
1655.7	0.5104577	0.01505209
1655.8	0.5176952	0.01504697
1655.9	0.523416	0.02347653
1656	0.526349	0.02960379
1656.1	0.5210974	0.03542412
1656.2	0.5197312	0.04152931
1656.3	0.5206254	0.03110438
1656.4	0.5241492	0.01672651
1656.5	0.5317578	0.003409225
1656.6	0.5415683	0
1656.7	0.5509664	0
1656.8	0.5535673	0
1656.9	0.5513799	0
1657	0.5468624	0
1657.1	0.5446027	0
1657.2	0.5441741	0
1657.3	0.5424792	0
1657.4	0.5461582	0
1657.5	0.5552114	0
1657.6	0.5533572	0
1657.7	0.5506014	0
1657.8	0.5470777	0
1657.9	0.5492678	0
1658	0.5488657	0
1658.1	0.5439858	0
1658.2	0.5492643	0
1658.3	0.5537068	0
1658.4	0.5541308	0
1658.5	0.5529103	0
1658.6	0.5513233	0
1658.7	0.5496585	0
1658.8	0.5471208	0
1658.9	0.5444612	0
1659	0.5421395	0
1659.1	0.5384358	0
1659.2	0.5283014	0
1659.3	0.4961061	0
1659.4	0.4887339	0
1659.5	0.4909845	0
1659.6	0.4849052	0
1659.7	0.4719144	0
1659.8	0.4565437	0
1659.9	0.452664	0
1660	0.4505624	0
1660.1	0.4495069	0
1660.2	0.4459905	0
1660.3	0.445904	0
1660.4	0.4485082	0
1660.5	0.4420843	0
1660.6	0.4375948	0
1660.7	0.4350709	0
1660.8	0.432407	0
1660.9	0.4293734	0
1661	0.4258895	0
1661.1	0.4230548	0
1661.2	0.4234302	0
1661.3	0.428541	0
1661.4	0.4287833	0
1661.5	0.4257306	0
1661.6	0.4178804	0
1661.7	0.4086926	0
1661.8	0.4019059	0
1661.9	0.4012529	0
1662	0.401696	0
1662.1	0.4020972	0
1662.2	0.4014784	0
1662.3	0.3983079	0
1662.4	0.3966156	0
1662.5	0.4041086	0
1662.6	0.4075798	0
1662.7	0.4097901	0
1662.8	0.4151356	0
1662.9	0.417776	0
1663	0.4186785	0
1663.1	0.4180762	0
1663.2	0.4194323	0
1663.3	0.4216558	0
1663.4	0.4164959	0
1663.5	0.4087421	0
1663.6	0.398925	0
1663.7	0.3981129	0
1663.8	0.3994569	0
1663.9	0.4030271	0
1664	0.409298	0
1664.1	0.4146167	0
1664.2	0.4186311	0
1664.3	0.4173377	0
1664.4	0.4163731	0
1664.5	0.416614	0
1664.6	0.4123487	0
1664.7	0.4080396	0
1664.8	0.4048876	0
1664.9	0.4009944	0
1665	0.3959555	0
1665.1	0.3886126	0
1665.2	0.3837874	0
1665.3	0.3802048	0
1665.4	0.3781535	0
1665.5	0.3800991	0
1665.6	0.3841324	0
1665.7	0.390485	0
1665.8	0.3908778	0
1665.9	0.3889572	0
1666	0.3896944	0
1666.1	0.3924781	0
1666.2	0.396029	0
1666.3	0.3960738	0
1666.4	0.3962283	0
1666.5	0.3960189	0
1666.6	0.3888826	0
1666.7	0.3821543	0
1666.8	0.3757294	0
1666.9	0.3651908	0
1667	0.3606262	0
1667.1	0.3623295	0
1667.2	0.360922	0
1667.3	0.3634903	0
1667.4	0.3712665	0
1667.5	0.3748492	0
1667.6	0.3793107	0
1667.7	0.385732	0
1667.8	0.3867303	0
1667.9	0.3857912	0
1668	0.3827306	0
1668.1	0.3790891	0
1668.2	0.3757238	0
1668.3	0.3733182	0
1668.4	0.3778318	0
1668.5	0.385568	0
1668.6	0.396879	0
1668.7	0.3983973	0
1668.8	0.3977851	0
1668.9	0.4035828	0
1669	0.3961793	0
1669.1	0.3845804	0
1669.2	0.3848758	0
1669.3	0.3833163	0
1669.4	0.3816904	0
1669.5	0.3889569	0
1669.6	0.3937778	0
1669.7	0.3965644	0
1669.8	0.3949133	0
1669.9	0.3918573	0
1670	0.3876398	0
1670.1	0.3926658	0
1670.2	0.3942178	0
1670.3	0.3920662	0
1670.4	0.3914265	0
1670.5	0.3883568	0
1670.6	0.3820621	0
1670.7	0.3779338	0
1670.8	0.3755265	0
1670.9	0.375504	0
1671	0.3726668	0
1671.1	0.368922	0
1671.2	0.3642755	0
1671.3	0.3645295	0
1671.4	0.3657629	0
1671.5	0.3666918	0
1671.6	0.373467	0
1671.7	0.3791594	0
1671.8	0.3760249	0
1671.9	0.3764721	0
1672	0.3786143	0
1672.1	0.3819957	0
1672.2	0.3858625	0
1672.3	0.3901035	0
1672.4	0.3951357	0
1672.5	0.3982025	0
1672.6	0.3994673	0
1672.7	0.3951737	0
1672.8	0.3920431	0
1672.9	0.3897028	0
1673	0.3861588	0
1673.1	0.3846762	0
1673.2	0.3850619	0
1673.3	0.3917888	0
1673.4	0.3990976	0
1673.5	0.407037	0
1673.6	0.4038438	0
1673.7	0.3989309	0
1673.8	0.3924309	0
1673.9	0.3854785	0
1674	0.380795	0
1674.1	0.3798246	0
1674.2	0.3857446	0
1674.3	0.3909082	0
1674.4	0.3923601	0
1674.5	0.3904708	0
1674.6	0.3858736	0
1674.7	0.376494	0
1674.8	0.3747005	0
1674.9	0.3751185	0
1675	0.3751185	0
1675.1	0.3760697	0
1675.2	0.3777848	0
1675.3	0.3811271	0
1675.4	0.3799257	0
1675.5	0.3766257	0
1675.6	0.3742753	0
1675.7	0.369296	0
1675.8	0.3636825	0
1675.9	0.3672706	0
1676	0.3697472	0
1676.1	0.3712162	0
1676.2	0.3691976	0
1676.3	0.3680889	0
1676.4	0.3678067	0
1676.5	0.3713865	0
1676.6	0.373958	0
1676.7	0.3754194	0
1676.8	0.371793	0
1676.9	0.3668262	0
1677	0.360411	0
1677.1	0.359227	0
1677.2	0.358076	0
1677.3	0.3560727	0
1677.4	0.3539211	0
1677.5	0.3529975	0
1677.6	0.3545948	0
1677.7	0.3538348	0
1677.8	0.3511662	0
1677.9	0.3450983	0
1678	0.339094	0
1678.1	0.3336882	0
1678.2	0.3301552	0
1678.3	0.3236307	0
1678.4	0.3176651	0
1678.5	0.3193408	0
1678.6	0.3200933	0
1678.7	0.3204733	0
1678.8	0.3214341	0
1678.9	0.3224186	0
1679	0.3233254	0
1679.1	0.3233208	0
1679.2	0.3200401	0
1679.3	0.3142696	0
1679.4	0.3085385	0
1679.5	0.302229	0
1679.6	0.2953854	0
1679.7	0.2999702	0
1679.8	0.3028884	0
1679.9	0.3038908	0
1680	0.3049059	0
1680.1	0.3054856	0
1680.2	0.3054729	0
1680.3	0.3010693	0
1680.4	0.2970776	0
1680.5	0.2945795	0
1680.6	0.2913808	0
1680.7	0.2908938	0
1680.8	0.2962119	0
1680.9	0.2960721	0
1681	0.2944973	0
1681.1	0.2926537	0
1681.2	0.293411	0
1681.3	0.2958169	0
1681.4	0.3009009	0
1681.5	0.302875	0
1681.6	0.3031068	0
1681.7	0.3012999	0
1681.8	0.2970152	0
1681.9	0.2927047	0
1682	0.2963395	0
1682.1	0.3033959	0
1682.2	0.3119665	0
1682.3	0.3137485	0
1682.4	0.3194765	0
1682.5	0.3278219	0
1682.6	0.3257759	0
1682.7	0.3209216	0
1682.8	0.313433	0
1682.9	0.3055961	0
1683	0.3016849	0
1683.1	0.3022394	0
1683.2	0.2977892	0
1683.3	0.2956811	0
1683.4	0.2972176	0
1683.5	0.2920692	0
1683.6	0.2880371	0
1683.7	0.2871997	0
1683.8	0.2860357	0
1683.9	0.2831049	0
1684	0.27661	0
1684.1	0.2852873	0
1684.2	0.2979653	0
1684.3	0.3111881	0
1684.4	0.3242342	0
1684.5	0.3374955	0
1684.6	0.3516828	0
1684.7	0.3660064	0
1684.8	0.3830315	0
1684.9	0.4121024	0
1685	0.439913	0
1685.1	0.4656166	0
1685.2	0.4818108	0
1685.3	0.4934081	0
1685.4	0.5012647	0
1685.5	0.5006491	0
1685.6	0.5060294	0
1685.7	0.5154591	0
1685.8	0.507168	0
1685.9	0.5003297	0
1686	0.4948762	0
1686.1	0.4901951	0
1686.2	0.4933925	0
1686.3	0.5056802	0
1686.4	0.5140547	0
1686.5	0.5184365	0
1686.6	0.5175638	0
1686.7	0.515974	0
1686.8	0.5121134	0
1686.9	0.5045018	0
1687	0.4962305	0
1687.1	0.4911317	0
1687.2	0.4930331	0
1687.3	0.4987609	0
1687.4	0.5063487	0
1687.5	0.5162898	0
1687.6	0.5257922	0
1687.7	0.5323939	0
1687.8	0.5294585	0
1687.9	0.5169142	0
1688	0.502356	0
1688.1	0.4976498	0
1688.2	0.494754	0
1688.3	0.4912856	0
1688.4	0.4773326	0
1688.5	0.4684178	0
1688.6	0.4626252	0
1688.7	0.4547511	0
1688.8	0.4529283	0
1688.9	0.455701	0
1689	0.4513038	0
1689.1	0.4448836	0
1689.2	0.4365043	0
1689.3	0.4250129	0
1689.4	0.4176516	0
1689.5	0.4151982	0
1689.6	0.4150411	0
1689.7	0.4184496	0
1689.8	0.4267224	0
1689.9	0.4261908	0
1690	0.4277558	0
1690.1	0.4349242	0
1690.2	0.4350782	0
1690.3	0.4358602	0
1690.4	0.4408936	0
1690.5	0.444044	0
1690.6	0.445988	0
1690.7	0.445988	0
1690.8	0.4436672	0
1690.9	0.4422277	0
1691	0.4467443	0
1691.1	0.4454353	0
1691.2	0.4422543	0
1691.3	0.4423112	0
1691.4	0.4426271	0
1691.5	0.443204	0
1691.6	0.4446308	0
1691.7	0.4469764	0
1691.8	0.4497025	0
1691.9	0.4496086	0
1692	0.4495147	0
1692.1	0.4490322	0
1692.2	0.4350565	0
1692.3	0.4229296	0
1692.4	0.412622	0
1692.5	0.4006306	0
1692.6	0.390949	0
1692.7	0.384064	0
1692.8	0.3788888	0
1692.9	0.3765137	0
1693	0.3780206	0
1693.1	0.3750637	0
1693.2	0.370029	0
1693.3	0.3623417	0
1693.4	0.3642392	0
1693.5	0.3669938	0
1693.6	0.3674924	0
1693.7	0.3666522	0
1693.8	0.3660714	0
1693.9	0.3672183	0
1694	0.3688478	0
1694.1	0.369151	0
1694.2	0.364025	0
1694.3	0.3579289	0
1694.4	0.3526179	0
1694.5	0.3533331	0
1694.6	0.3502972	0
1694.7	0.3462173	0
1694.8	0.3496862	0
1694.9	0.3479721	0
1695	0.3427289	0
1695.1	0.3372848	0
1695.2	0.3370173	0
1695.3	0.3410647	0
1695.4	0.3469554	0
1695.5	0.347758	0
1695.6	0.3434726	0
1695.7	0.3368888	0
1695.8	0.3328097	0
1695.9	0.3318359	0
1696	0.332801	0
1696.1	0.334753	0
1696.2	0.337939	0
1696.3	0.3431007	0
1696.4	0.3473792	0
1696.5	0.3495726	0
1696.6	0.3489763	0
1696.7	0.3472822	0
1696.8	0.3443871	0
1696.9	0.3436698	0
1697	0.3409998	0
1697.1	0.3310647	0
1697.2	0.3202395	0
1697.3	0.3099531	0
1697.4	0.302855	0
1697.5	0.3037077	0
1697.6	0.3089094	0
1697.7	0.3179014	0
1697.8	0.328771	0
1697.9	0.3389804	0
1698	0.3361089	0
1698.1	0.3346173	0
1698.2	0.3342045	0
1698.3	0.3355423	0
1698.4	0.3350315	0
1698.5	0.3330891	-0.001566755
1698.6	0.3369326	-0.002870913
1698.7	0.3364764	0.004102005
1698.8	0.331651	-0.000438922
1698.9	0.3336409	-0.01322216
1699	0.3327289	-0.03164588
1699.1	0.3279992	-0.04569831
1699.2	0.3261663	-0.05593386
1699.3	0.3248076	-0.05757359
1699.4	0.3238027	-0.05088075
1699.5	0.3291458	-0.03585535
1699.6	0.3332373	-0.03616519
1699.7	0.3333703	-0.03420159
1699.8	0.3375446	-0.0290245
1699.9	0.3421367	-0.03134597
1700	0.3457633	-0.03705641
1700.1	0.3513384	-0.04690816
1700.2	0.3586266	-0.05498378
1700.3	0.3692958	-0.06031337
1700.4	0.3848594	-0.06111358
1700.5	0.4007436	-0.05967
1700.6	0.4110249	-0.05593897
1700.7	0.4185794	-0.04808657
1700.8	0.425574	-0.04127179
1700.9	0.4362432	-0.03114881
1701	0.4466159	-0.01079656
1701.1	0.4569577	0.008971945
1701.2	0.4683998	0.02894252
1701.3	0.4759635	0.05044248
1701.4	0.4809378	0.05249065
1701.5	0.4877845	0.04468187
1701.6	0.4931197	0.03159317
1701.7	0.4972692	0.02688124
1701.8	0.5077026	0.02708306
1701.9	0.5181881	0.02882288
1702	0.5287275	0.03127682
1702.1	0.5253711	0.03422292
1702.2	0.5249852	0.03716902
1702.3	0.5288945	0.04011512
1702.4	0.5142131	0.04306122
1702.5	0.4963538	0.04600732
1702.6	0.4761128	0.04895342
1702.7	0.4661484	0.05189952
1702.8	0.4525041	0.05315451
1702.9	0.4291393	0.05382038
1703	0.4154983	0.05382038
1703.1	0.3991623	0.05382038
1703.2	0.3716919	0.05382038
1703.3	0.3569415	0.05382038
1703.4	0.3500489	0.05382038
1703.5	0.3555818	0.05382038
1703.6	0.360666	0.05382038
1703.7	0.3627068	0.05813264
1703.8	0.353526	0.0619967
1703.9	0.3449169	0.06278376
1704	0.3362497	0.05467538
1704.1	0.3258131	0.04278933
1704.2	0.3264	0.0272161
1704.3	0.3331006	-0.001896956
1704.4	0.3372817	-0.03500706
1704.5	0.3441393	-0.06446118
1704.6	0.3536147	-0.06454633
1704.7	0.3742356	-0.04884963
1704.8	0.3902305	-0.02153085
1704.9	0.4022926	-0.006232136
1705	0.4202785	0.001076394
1705.1	0.4349253	-0.000421996
1705.2	0.4460688	0.00095358
1705.3	0.4428856	0.004358269
1705.4	0.4394211	0.007987915
1705.5	0.4362797	0.008929705
1705.6	0.4339055	0.007401073
1705.7	0.4300785	-0.005244782
1705.8	0.4238894	-0.01005306
1705.9	0.4157065	-0.006768866
1706	0.4107138	0.007264674
1706.1	0.412383	0.01849321
1706.2	0.4153486	0.0257642
1706.3	0.4192954	0.03234214
1706.4	0.4248987	0.0366492
1706.5	0.4266693	0.03758452
1706.6	0.4256276	0.03735894
1706.7	0.4194906	0.03712849
1706.8	0.4126542	0.03720819
1706.9	0.4048392	0.03074044
1707	0.3941763	0.02615811
1707.1	0.3787988	0.02923827
1707.2	0.3630503	0.03218025
1707.3	0.3578378	0.03308057
1707.4	0.3564726	0.02803908
1707.5	0.3585751	0.02888485
1707.6	0.3709198	0.03186351
1707.7	0.3746735	0.03458172
1707.8	0.3723927	0.04374627
1707.9	0.3732556	0.05494785
1708	0.3702198	0.06075785
1708.1	0.3637514	0.0368131
1708.2	0.3569069	0
1708.3	0.3511294	0
1708.4	0.3464895	0
1708.5	0.3512136	0
1708.6	0.3582609	0
1708.7	0.3678087	0
1708.8	0.3663676	0
1708.9	0.3634752	0
1709	0.3599662	0
1709.1	0.3607448	0
1709.2	0.3603618	0
1709.3	0.3564138	0
1709.4	0.3539611	0
1709.5	0.3519634	0
1709.6	0.350251	0
1709.7	0.3586619	0
1709.8	0.367519	0
1709.9	0.3682834	0
1710	0.3684175	0
1710.1	0.3672001	0
1710.2	0.3614438	0
1710.3	0.3618716	0
1710.4	0.3651135	0
1710.5	0.3671789	0
1710.6	0.3705744	0
1710.7	0.3740313	0
1710.8	0.3708282	0
1710.9	0.3995765	0
1711	0.4468638	0
1711.1	0.4033433	0
1711.2	0.3828217	0
1711.3	0.3827936	0
1711.4	0.3662646	0
1711.5	0.3596408	0
1711.6	0.3637476	0
1711.7	0.3659396	0
1711.8	0.3684712	0
1711.9	0.3715652	-0.007801918
1712	0.374757	-0.02239027
1712.1	0.3748847	-0.02744225
1712.2	0.3700813	-0.0374947
1712.3	0.3577819	-0.05287825
1712.4	0.3442155	-0.04514986
1712.5	0.330557	-0.03478355
1712.6	0.3264897	-0.02225058
1712.7	0.3254691	-0.01906125
1712.8	0.3264908	-0.01566348
1712.9	0.3281149	-0.01051488
1713	0.3291525	-0.01640922
1713.1	0.3277433	-0.0337465
1713.2	0.3227837	-0.0699223
1713.3	0.3189354	-0.1031606
1713.4	0.3256902	-0.1376528
1713.5	0.3321661	-0.1767912
1713.6	0.3397231	-0.2165219
1713.7	0.3545317	-0.2071967
1713.8	0.3687706	-0.04532428
1713.9	0.3835905	0
1714	0.4071697	0
1714.1	0.4223386	0
1714.2	0.4313546	0
1714.3	0.443148	0
1714.4	0.4555862	0
1714.5	0.4686101	0
1714.6	0.4777791	0
1714.7	0.4850609	0
1714.8	0.4902653	0
1714.9	0.487669	0
1715	0.4842632	0
1715.1	0.4803011	0
1715.2	0.4815879	0
1715.3	0.4815867	0
1715.4	0.4785747	0
1715.5	0.4783289	0
1715.6	0.4792124	0
1715.7	0.4814317	0
1715.8	0.47187	0
1715.9	0.4625418	0
1716	0.4608599	0
1716.1	0.4625784	0
1716.2	0.4672114	0
1716.3	0.4778039	0
1716.4	0.4860568	0
1716.5	0.4953316	0
1716.6	0.5131083	0
1716.7	0.5250573	0
1716.8	0.5330367	0
1716.9	0.5347452	0
1717	0.5298698	0
1717.1	0.5203419	0
1717.2	0.5054035	0
1717.3	0.4847565	0
1717.4	0.4600968	0
1717.5	0.4425828	0
1717.6	0.4325168	0
1717.7	0.4293258	0
1717.8	0.4248756	0
1717.9	0.4219931	0
1718	0.4208699	0
1718.1	0.4231284	0
1718.2	0.4228603	0
1718.3	0.4189078	0
1718.4	0.4159319	0
1718.5	0.4120571	0
1718.6	0.4065107	0
1718.7	0.4025588	0
1718.8	0.4020596	0
1718.9	0.4080666	0
1719	0.4186075	0
1719.1	0.4302869	0
1719.2	0.4420516	0
1719.3	0.4509683	0
1719.4	0.4577615	0
1719.5	0.4605679	0
1719.6	0.4585353	0
1719.7	0.454949	0
1719.8	0.4533226	0
1719.9	0.447387	0
1720	0.439638	0
1720.1	0.4344719	0
1720.2	0.4271153	0
1720.3	0.4183592	0
1720.4	0.4094926	0
1720.5	0.4018407	0
1720.6	0.3952995	0
1720.7	0.3928723	0
1720.8	0.3924204	0
1720.9	0.3938214	0
1721	0.391687	0
1721.1	0.3899544	0
1721.2	0.3887109	0
1721.3	0.3924323	-0.001429025
1721.4	0.3953286	-0.03390687
1721.5	0.3966787	-0.03260776
1721.6	0.4034242	-0.000129911
1721.7	0.4059109	0
1721.8	0.4001506	0
1721.9	0.4072201	0
1722	0.410431	0
1722.1	0.4007933	0
1722.2	0.399397	0
1722.3	0.3974181	0
1722.4	0.3885066	0
1722.5	0.3877078	0
1722.6	0.388007	0
1722.7	0.3829649	0
1722.8	0.3833608	0
1722.9	0.3854426	0
1723	0.3847892	0
1723.1	0.3867566	0
1723.2	0.3900698	0
1723.3	0.3931943	0
1723.4	0.3939381	0
1723.5	0.3929227	0
1723.6	0.3894605	0
1723.7	0.3899877	0
1723.8	0.3937606	0
1723.9	0.4005129	0
1724	0.4091291	0
1724.1	0.4195217	0
1724.2	0.4273123	0
1724.3	0.4350192	0
1724.4	0.4426658	0
1724.5	0.4551024	0
1724.6	0.4639144	0
1724.7	0.4672086	0
1724.8	0.4787763	0
1724.9	0.4870754	0
1725	0.4880409	0
1725.1	0.4919314	0
1725.2	0.4932264	0
1725.3	0.4878569	0
1725.4	0.488028	0
1725.5	0.4858697	0
1725.6	0.4736761	0
1725.7	0.4642429	0
1725.8	0.4579988	0.02319608
1725.9	0.4595809	-9999
1726	0.4659922	-9999
1726.1	0.4736221	-9999
1726.2	0.477268	-9999
1726.3	0.480117	-9999
1726.4	0.4822027	-9999
1726.5	0.4819847	-9999
1726.6	0.4879079	-9999
1726.7	0.4981213	-9999
1726.8	0.5113686	-9999
1726.9	0.5188163	-9999
1727	0.5211527	-9999
1727.1	0.5089701	-9999
1727.2	0.4996833	-9999
1727.3	0.4932011	-9999
1727.4	0.4915741	-9999
1727.5	0.4920969	-9999
1727.6	0.4950506	-9999
1727.7	0.489951	-9999
1727.8	0.4856704	-9999
1727.9	0.4833442	-9999
1728	0.4813644	-9999
1728.1	0.4786074	-9999
1728.2	0.474416	-9999
1728.3	0.4749422	-9999
1728.4	0.4752649	-9999
1728.5	0.473202	-9999
1728.6	0.4642686	-9999
1728.7	0.4559339	-9999
1728.8	0.454163	-9999
1728.9	0.4499787	-9999
1729	0.4448581	-9999
1729.1	0.4393621	-9999
1729.2	0.4341584	-9999
1729.3	0.4283062	-9999
1729.4	0.4187167	-9999
1729.5	0.4122766	-9999
1729.6	0.4078463	-9999
1729.7	0.4055291	-9999
1729.8	0.405213	-9999
1729.9	0.4062952	-9999
1730	0.4081573	-9999
1730.1	0.4066142	-9999
1730.2	0.4024851	-9999
1730.3	0.4045175	-9999
1730.4	0.4052077	-9999
1730.5	0.4045769	-9999
1730.6	0.404285	-9999
1730.7	0.4055436	-9999
1730.8	0.4086439	-9999
1730.9	0.4150118	-9999
1731	0.420725	-9999
1731.1	0.4251423	-9999
1731.2	0.4309163	-9999
1731.3	0.4363426	-9999
1731.4	0.4408341	-9999
1731.5	0.4464977	-9999
1731.6	0.4508153	-9999
1731.7	0.4516579	-9999
1731.8	0.4518365	-9999
1731.9	0.4501335	-9999
1732	0.4436827	-9999
1732.1	0.4419472	-9999
1732.2	0.4415096	-9999
1732.3	0.4397691	-9999
1732.4	0.4414389	-9999
1732.5	0.4455686	-9999
1732.6	0.4543632	-9999
1732.7	0.4593697	-9999
1732.8	0.4627464	-9999
1732.9	0.469528	-9999
1733	0.4716496	-9999
1733.1	0.4700549	-9999
1733.2	0.4612737	-9999
1733.3	0.4587494	-9999
1733.4	0.4612027	-9999
1733.5	0.4562083	-9999
1733.6	0.4501843	-9999
1733.7	0.4431309	-9999
1733.8	0.4385227	-9999
1733.9	0.4343053	-9999
1734	0.4304887	-9999
1734.1	0.4341037	-9999
1734.2	0.4391532	-9999
1734.3	0.4454684	-9999
1734.4	0.4475367	-9999
1734.5	0.4470204	-9999
1734.6	0.4428763	-9999
1734.7	0.4454071	-9999
1734.8	0.449793	-9999
1734.9	0.4553184	-9999
1735	0.4603721	-9999
1735.1	0.4653046	-9999
1735.2	0.4702624	-9999
1735.3	0.4700603	-9999
1735.4	0.4672903	-9999
1735.5	0.4618547	-9999
1735.6	0.460425	-9999
1735.7	0.460041	-9999
1735.8	0.455727	-9999
1735.9	0.4506855	-9999
1736	0.4457995	-9999
1736.1	0.4452181	-9999
1736.2	0.4390135	-9999
1736.3	0.4293436	-9999
1736.4	0.4252945	-9999
1736.5	0.4211105	-9999
1736.6	0.4169286	-9999
1736.7	0.4183904	-9999
1736.8	0.4179522	-9999
1736.9	0.4155835	-9999
1737	0.4109879	-9999
1737.1	0.4083617	-9999
1737.2	0.4082413	-9999
1737.3	0.4110876	-9999
1737.4	0.4156274	-9999
1737.5	0.4223413	-9999
1737.6	0.4229371	-9999
1737.7	0.4236014	-9999
1737.8	0.425986	-9999
1737.9	0.428104	-9999
1738	0.4304619	-9999
1738.1	0.4334957	-9999
1738.2	0.4377576	-9999
1738.3	0.4403252	-9999
1738.4	0.4369624	-9999
1738.5	0.4338362	-9999
1738.6	0.4292662	-9999
1738.7	0.4188693	-9999
1738.8	0.4130773	-9999
1738.9	0.4087475	-9999
1739	0.4009255	-9999
1739.1	0.3997751	-9999
1739.2	0.4025591	-9999
1739.3	0.406263	-9999
1739.4	0.4060634	-9999
1739.5	0.4031926	-9999
1739.6	0.4012551	-9999
1739.7	0.4000373	-9999
1739.8	0.3995508	-9999
1739.9	0.4063387	-9999
1740	0.4115739	-9999
1740.1	0.4152062	-9999
1740.2	0.4211537	-9999
1740.3	0.4260056	-9999
1740.4	0.4293897	-9999
1740.5	0.4350669	-9999
1740.6	0.4418421	-9999
1740.7	0.4499879	-9999
1740.8	0.4597003	-9999
1740.9	0.4661933	-9999
1741	0.4662237	-9999
1741.1	0.4716854	-9999
1741.2	0.4776866	-9999
1741.3	0.4822396	-9999
1741.4	0.4861158	-9999
1741.5	0.4877064	-9999
1741.6	0.4830933	-9999
1741.7	0.4778642	-9999
1741.8	0.471526	-9999
1741.9	0.4617581	-9999
1742	0.4541893	-9999
1742.1	0.4487378	-9999
1742.2	0.4491419	-9999
1742.3	0.4426422	-9999
1742.4	0.4330826	-9999
1742.5	0.4314522	-9999
1742.6	0.4340438	-9999
1742.7	0.4401509	-9999
1742.8	0.4542171	-9999
1742.9	0.4646345	-9999
1743	0.4718326	-9999
1743.1	0.4740328	-9999
1743.2	0.4772178	-9999
1743.3	0.4814359	-9999
1743.4	0.48372	-9999
1743.5	0.4808251	-9999
1743.6	0.4714308	-9999
1743.7	0.4594326	-9999
1743.8	0.4474761	-9999
1743.9	0.4359544	-9999
1744	0.4272466	-9999
1744.1	0.4152356	-9999
1744.2	0.3961094	-9999
1744.3	0.394826	-9999
1744.4	0.4006931	-9999
1744.5	0.4142517	-9999
1744.6	0.4299144	-9999
1744.7	0.4443116	-9999
1744.8	0.452987	-9999
1744.9	0.4531341	-9999
1745	0.4492886	-9999
1745.1	0.4424782	-9999
1745.2	0.4345426	-9999
1745.3	0.4272602	-9999
1745.4	0.42663	-9999
1745.5	0.4218534	-9999
1745.6	0.4149935	-9999
1745.7	0.4113467	-9999
1745.8	0.4103023	-9999
1745.9	0.411252	-9999
1746	0.4140492	-9999
1746.1	0.4144061	-9999
1746.2	0.4126438	-9999
1746.3	0.4142996	-9999
1746.4	0.411781	-9999
1746.5	0.4048121	-9999
1746.6	0.403111	-9999
1746.7	0.4005909	-9999
1746.8	0.3967275	-9999
1746.9	0.3961009	-9999
1747	0.3965841	-9999
1747.1	0.3983252	-9999
1747.2	0.4044016	-9999
1747.3	0.4103893	-9999
1747.4	0.4148802	-9999
1747.5	0.4085898	-9999
1747.6	0.4005356	-9999
1747.7	0.3940991	-9999
1747.8	0.3890261	-9999
1747.9	0.3856353	-9999
1748	0.3861803	-9999
1748.1	0.3864062	-9999
1748.2	0.3859675	-9999
1748.3	0.3833118	-9999
1748.4	0.3812567	-9999
1748.5	0.3800658	-9999
1748.6	0.3821616	-9999
1748.7	0.3891391	-9999
1748.8	0.3983184	-9999
1748.9	0.4008386	-9999
1749	0.3997281	-9999
1749.1	0.3956917	-9999
1749.2	0.3870389	-9999
1749.3	0.3829548	-9999
1749.4	0.3829857	-9999
1749.5	0.390686	-9999
1749.6	-9999	-9999
1749.7	-9999	-9999
1749.8	-9999	-9999
1749.9	-9999	-9999
1750	-9999	-9999
1750.1	-9999	-9999
1750.2	-9999	-9999
1750.3	-9999	-9999
1750.4	-9999	-9999
1750.5	-9999	-9999
1750.6	-9999	-9999
1750.7	-9999	-9999
1750.8	-9999	-9999
1750.9	-9999	-9999
1751	-9999	-9999
1751.1	-9999	-9999
1751.2	-9999	-9999
1751.3	-9999	-9999
1751.4	-9999	-9999
1751.5	-9999	-9999
1751.6	-9999	-9999
1751.7	-9999	-9999
1751.8	-9999	-9999
1751.9	-9999	-9999
1752	-9999	-9999
1752.1	-9999	-9999
1752.2	-9999	-9999
1752.3	-9999	-9999
1752.4	-9999	-9999
1752.5	-9999	-9999
1752.6	-9999	-9999
1752.7	-9999	-9999
1752.8	-9999	-9999
1752.9	-9999	-9999
1753	-9999	-9999
1753.1	-9999	-9999
1753.2	-9999	-9999
1753.3	-9999	-9999
1753.4	-9999	-9999
1753.5	-9999	-9999
1753.6	-9999	-9999
1753.7	-9999	-9999
1753.8	-9999	-9999
1753.9	-9999	-9999
1754	-9999	-9999
1754.1	-9999	-9999
1754.2	-9999	-9999
1754.3	-9999	-9999
1754.4	-9999	-9999
1754.5	-9999	-9999
1754.6	-9999	-9999
1754.7	-9999	-9999
1754.8	-9999	-9999
1754.9	-9999	-9999
1755	-9999	-9999
1755.1	-9999	-9999
1755.2	-9999	-9999
1755.3	-9999	-9999
1755.4	-9999	-9999
1755.5	-9999	-9999
1755.6	-9999	-9999
1755.7	-9999	-9999
1755.8	-9999	-9999
1755.9	-9999	-9999
1756	-9999	-9999
1756.1	-9999	-9999
1756.2	-9999	-9999
1756.3	-9999	-9999
1756.4	-9999	-9999
1756.5	-9999	-9999
1756.6	-9999	-9999
1756.7	-9999	-9999
1756.8	-9999	-9999
1756.9	-9999	-9999
1757	-9999	-9999
1757.1	-9999	-9999
1757.2	-9999	-9999
1757.3	-9999	-9999
1757.4	-9999	-9999
1757.5	-9999	-9999
1757.6	-9999	-9999
1757.7	-9999	-9999
1757.8	-9999	-9999
1757.9	-9999	-9999
1758	-9999	-9999
1758.1	-9999	-9999
1758.2	-9999	-9999
1758.3	-9999	-9999
1758.4	-9999	-9999
1758.5	-9999	-9999
1758.6	-9999	-9999
1758.7	-9999	-9999
1758.8	-9999	-9999
1758.9	-9999	-9999
1759	-9999	-9999
1759.1	-9999	-9999
1759.2	-9999	-9999
1759.3	-9999	-9999
1759.4	-9999	-9999
1759.5	-9999	-9999
1759.6	-9999	-9999
1759.7	-9999	-9999
1759.8	-9999	-9999
1759.9	-9999	-9999
1760	-9999	-9999
1760.1	-9999	-9999
1760.2	-9999	-9999
1760.3	-9999	-9999
1760.4	-9999	-9999
1760.5	-9999	-9999
1760.6	-9999	-9999
1760.7	-9999	-9999
