深度        孔隙度     含水合物饱和度
1741	-9999	-9999
1741.1	-9999	-9999
1741.2	-9999	-9999
1741.3	-9999	-9999
1741.4	-9999	-9999
1741.5	-9999	-0.1092099
1741.6	-9999	-0.1066191
1741.7	-9999	-0.1016065
1741.8	-9999	-0.09392808
1741.9	-9999	-0.1446014
1742	0.903613	-0.1743526
1742.1	0.8835402	-0.1722104
1742.2	0.8548351	-0.1705322
1742.3	0.8327247	-0.1696482
1742.4	0.8158972	-0.1699797
1742.5	0.8109872	-0.1737664
1742.6	0.8084534	-0.1772696
1742.7	0.8081245	-0.1790327
1742.8	0.8158236	-0.1716153
1742.9	0.8190975	-0.160536
1743	0.818458	-0.1457244
1743.1	0.8110386	-0.1359349
1743.2	0.802554	-0.1260451
1743.3	0.7929516	-0.1106967
1743.4	0.7912915	-0.08561258
1743.5	0.792048	-0.05694128
1743.6	0.7955027	-0.02978504
1743.7	0.7953767	0.003378795
1743.8	0.7907887	0.03605508
1743.9	0.7797896	0.04706221
1744	0.7668582	0.05281501
1744.1	0.7553684	0.05551781
1744.2	0.7471883	0.06044551
1744.3	0.7389001	0.06382941
1744.4	0.7336314	0.0656801
1744.5	0.7356004	0.05972983
1744.6	0.736376	0.05031116
1744.7	0.7385539	0.03769091
1744.8	0.7460521	0.028168
1744.9	0.7497161	0.02056203
1745	0.7515978	0.01508651
1745.1	0.752197	0.009316121
1745.2	0.7431358	0.008360567
1745.3	0.7319168	0.01396789
1745.4	0.7344909	0.01605915
1745.5	0.7344068	0.01821247
1745.6	0.731852	0.02111709
1745.7	0.7215779	0.02282378
1745.8	0.7130173	0.02261299
1745.9	0.7052466	0.01889999
1746	0.6898763	0.01691406
1746.1	0.677927	0.01239322
1746.2	0.6689149	0.000271453
1746.3	0.6509417	-0.01806071
1746.4	0.6400695	-0.03632734
1746.5	0.6367679	-0.0477417
1746.6	0.6284119	-0.05702073
1746.7	0.6236748	-0.06243379
1746.8	0.6238913	-0.05460777
1746.9	0.6238516	-0.04597683
1747	0.62684	-0.03746483
1747.1	0.6346436	-0.03234269
1747.2	0.6439265	-0.02308297
1747.3	0.6516294	-0.01166235
1747.4	0.6558135	-0.005032551
1747.5	0.653541	0.001559118
1747.6	0.6487914	0.007522096
1747.7	0.6415655	-0.000896106
1747.8	0.6288428	-0.01987105
1747.9	0.6144386	-0.04874806
1748	0.5999692	-0.05986497
1748.1	0.5852741	-0.0764757
1748.2	0.5726206	-0.09949437
1748.3	0.5687018	-0.118845
1748.4	0.5662665	-0.1320817
1748.5	0.565036	-0.1371757
1748.6	0.5665725	-0.1239297
1748.7	0.5798074	-0.1052339
1748.8	0.5999061	-0.08093143
1748.9	0.6183382	-0.06008081
1749	0.627318	-0.04200837
1749.1	0.6293539	-0.02844147
1749.2	0.6316476	-0.002263362
1749.3	0.6284525	0.02355657
1749.4	0.6203645	0.04016653
1749.5	0.6157001	0.05497408
1749.6	0.6116148	0.0682197
1749.7	0.6081566	0.07818928
1749.8	0.6138644	0.08199217
1749.9	0.6162805	0.0827029
1750	0.613814	0.08113883
1750.1	0.6085513	0.0805767
1750.2	0.5971881	0.07983293
1750.3	0.5764931	0.07443993
1750.4	0.5710977	0.05901925
1750.5	0.5685249	0.03809983
1750.6	0.5666084	0.02771965
1750.7	0.5640373	0.01903734
1750.8	0.5591059	0.01146547
1750.9	0.5487138	-0.002094095
1751	0.5413268	-0.01368227
1751.1	0.5356655	-0.02339146
1751.2	0.5325297	-0.02306728
1751.3	0.5303213	-0.01952726
1751.4	0.5297216	-0.01241315
1751.5	0.5343429	0.01299313
1751.6	0.5364776	0.0240864
1751.7	0.5371552	0.0134473
1751.8	0.5365186	0.008528405
1751.9	0.5371962	0.006602068
1752	0.5386898	0.008625692
1752.1	0.5402807	0.005284722
1752.2	0.5417402	0.001474371
1752.3	0.5429294	-0.001226349
1752.4	0.540709	-0.006647884
1752.5	0.5424157	-0.012359
1752.6	0.5476899	-0.01697889
1752.7	0.5458419	-0.01056388
1752.8	0.5435751	-0.003963546
1752.9	0.5408472	-0.009600135
1753	0.5399973	-0.008642133
1753.1	0.5425226	-0.005467132
1753.2	0.5494322	-0.005144537
1753.3	0.5518339	-0.004631998
1753.4	0.5539626	-0.003655168
1753.5	0.5564271	-0.00020602
1753.6	0.5532875	0.00083496
1753.7	0.5520744	0.000205004
1753.8	0.5566346	-0.001483774
1753.9	0.5604047	-0.006554177
1754	0.5627791	-0.01424207
1754.1	0.562108	-0.01942095
1754.2	0.5630451	-0.02104912
1754.3	0.5653092	-0.0192384
1754.4	0.5702251	-0.02862982
1754.5	0.5688088	-0.03460374
1754.6	0.5646658	-0.036352
1754.7	0.5598085	-0.03015024
1754.8	0.5527962	-0.03043059
1754.9	0.5456762	-0.04073794
1755	0.5445942	-0.03256822
1755.1	0.5393205	-0.02869757
1755.2	0.5321887	-0.03641038
1755.3	0.5325059	-0.04269141
1755.4	0.5311884	-0.04463673
1755.5	0.5288706	-0.03778745
1755.6	0.5318329	-0.03598794
1755.7	0.531303	-0.03845505
1755.8	0.5275498	-0.04895344
1755.9	0.5281882	-0.0555146
1756	0.5276807	-0.05955676
1756.1	0.5258715	-0.05947113
1756.2	0.5268391	-0.05621379
1756.3	0.5252118	-0.05181842
1756.4	0.5198523	-0.04861362
1756.5	0.518147	-0.04600366
1756.6	0.5168887	-0.04343296
1756.7	0.5156985	-0.03885697
1756.8	0.5200965	-0.03839687
1756.9	0.5235801	-0.03853314
1757	0.5232013	-0.01255963
1757.1	0.522689	2.78E-05
1757.2	0.5210402	0.001712792
1757.3	0.5165526	0.002068083
1757.4	0.5176401	-0.002138465
1757.5	0.5196137	-0.01083444
1757.6	0.5185637	-0.02214056
1757.7	0.5195819	-0.03130121
1757.8	0.5202735	-0.03783881
1757.9	0.515735	-0.04500491
1758	0.5097348	-0.05799532
1758.1	0.5036791	-0.07937013
1758.2	0.5020542	-0.07963879
1758.3	0.5088492	-0.07860592
1758.4	0.520799	-0.08018289
1758.5	0.5308493	-0.08104289
1758.6	0.5336631	-0.08071376
1758.7	0.530645	-0.07807259
1758.8	0.5219253	-0.08943469
1758.9	0.5142688	-0.09940823
1759	0.5076092	-0.09500765
1759.1	0.5059054	-0.09099656
1759.2	0.5082062	-0.08983574
1759.3	0.5150138	-0.09852363
1759.4	0.5159891	-0.09160601
1759.5	0.5193098	-0.07717316
1759.6	0.5263473	-0.05992039
1759.7	0.5346981	-0.04705938
1759.8	0.5418657	-0.03458689
1759.9	0.5467786	-0.007159948
1760	0.5532519	0.007218837
1760.1	0.5579734	0.01353202
1760.2	0.5584564	0.02988725
1760.3	0.5585349	0.03923098
1760.4	0.5570078	0.04230983
1760.5	0.5515341	0.02579993
1760.6	0.5506378	0.01257078
1760.7	0.5522195	0.002622378
1760.8	0.5570799	-0.004036441
1760.9	0.5557481	-0.01604706
1761	0.5522358	-0.03464423
1761.1	0.5506499	-0.04223482
1761.2	0.5490357	-0.04776603
1761.3	0.5474017	-0.05151891
1761.4	0.5457361	-0.05076886
1761.5	0.5437671	-0.04472718
1761.6	0.5415198	-0.0302238
1761.7	0.5383701	-0.02842068
1761.8	0.5340825	-0.02774375
1761.9	0.5290955	-0.02383536
1762	0.5293292	-0.008770392
1762.1	0.5320668	0.008221306
1762.2	0.5371909	0.02194843
1762.3	0.5432409	0.01716517
1762.4	0.5505713	0.005698586
1762.5	0.5593677	-0.005930598
1762.6	0.5602731	-0.01752501
1762.7	0.5589533	-0.02975161
1762.8	0.555217	-0.04528121
1762.9	0.5529059	-0.05126241
1763	0.5512556	-0.05283612
1763.1	0.5504442	-0.06175222
1763.2	0.5514352	-0.05882088
1763.3	0.5540068	-0.04680167
1763.4	0.5592291	-0.02213507
1763.5	0.5623991	-0.007407713
1763.6	0.5642443	-0.001022481
1763.7	0.5639517	0.004838223
1763.8	0.5682294	0.01074672
1763.9	0.5718784	0.01670378
1764	0.5680149	0.009129847
1764.1	0.5638954	0.000241841
1764.2	0.5584564	-0.009785018
1764.3	0.5473529	-0.02837565
1764.4	0.5414541	-0.046275
1764.5	0.5386412	-0.06208084
1764.6	0.537926	-0.05699551
1764.7	0.5387024	-0.05364151
1764.8	0.5407655	-0.05891864
1764.9	0.5463814	-0.06506677
1765	0.552107	-0.06699804
1765.1	0.5577803	-0.05886067
1765.2	0.5592192	-0.05273248
1765.3	0.5587353	-0.04723717
1765.4	0.5563893	-0.04193421
1765.5	0.5516882	-0.04738705
1765.6	0.546232	-0.05579547
1765.7	0.5399345	-0.06046344
1765.8	0.5386271	-0.06359562
1765.9	0.5370886	-0.06472807
1766	0.5347332	-0.0590869
1766.1	0.5339745	-0.05928177
1766.2	0.5326983	-0.06249605
1766.3	0.5301658	-0.06316748
1766.4	0.5346043	-0.06314944
1766.5	0.538504	-0.06256764
1766.6	0.5383635	-0.06080568
1766.7	0.5329945	-0.05878139
1766.8	0.5270069	-0.05647756
1766.9	0.5230802	-0.05072603
1767	0.5227211	-0.05830568
1767.1	0.5238212	-0.07965004
1767.2	0.5257427	-0.08164605
1767.3	0.5278503	-0.08399692
1767.4	0.5297327	-0.08759314
1767.5	0.5301393	-0.08232087
1767.6	0.5279721	-0.0797096
1767.7	0.5256881	-0.08233323
1767.8	0.5324559	-0.09111863
1767.9	0.5328355	-0.101099
1768	0.5280973	-0.1116235
1768.1	0.5129149	-0.1007386
1768.2	0.5071191	-0.09092541
1768.3	0.5087681	-0.09428313
1768.4	0.504397	-0.08877891
1768.5	0.504767	-0.0795869
1768.6	0.5098027	-0.06704167
1768.7	0.511445	-0.05401492
1768.8	0.5178539	-0.041269
1768.9	0.5300316	-0.03032079
1769	0.5322132	-0.01936319
1769.1	0.5326473	-0.01151225
1769.2	0.5316039	-0.02049291
1769.3	0.526737	-0.02844031
1769.4	0.5251167	-0.03632084
1769.5	0.5301602	-0.04861829
1769.6	0.5323446	-0.058462
1769.7	0.5334522	-0.06580235
1769.8	0.5334221	-0.06130671
1769.9	0.53416	-0.05762063
1770	0.5338663	-0.0548679
1770.1	0.5301208	-0.07126231
1770.2	0.5291935	-0.07726417
1770.3	0.5290459	-0.07236234
1770.4	0.5281345	-0.05914437
1770.5	0.5296957	-0.04860647
1770.6	0.5321587	-0.04187483
1770.7	0.5336371	-0.03795722
1770.8	0.5329462	-0.03774268
1770.9	0.5296125	-0.04287141
1771	0.5156912	-0.05480939
1771.1	0.513288	-0.05939874
1771.2	0.5183691	-0.04799974
1771.3	0.5192819	-0.03976129
1771.4	0.5216681	-0.03485889
1771.5	0.5252907	-0.03624079
1771.6	0.5297629	-0.03776817
1771.7	0.5345391	-0.03730334
1771.8	0.5396194	-0.0306673
1771.9	0.5485789	-0.02683597
1772	0.5506346	-0.02431335
1772.1	0.5442048	-0.02274879
1772.2	0.5460156	-0.02185168
1772.3	0.5471472	-0.021585
1772.4	0.5463334	-0.02305072
1772.5	0.5460031	-0.01768963
1772.6	0.5439512	-0.009035438
1772.7	0.5386657	-0.006849667
1772.8	0.5271242	-0.009976957
1772.9	0.5210133	-0.01676634
1773	0.5299419	-0.02043218
1773.1	0.5311753	-0.0220587
1773.2	0.5294732	-0.02194597
1773.3	0.5254505	-0.0286187
1773.4	0.5270802	-0.03174299
1773.5	0.527406	-0.03108423
1773.6	0.515349	-0.04103929
1773.7	0.5147167	-0.04480591
1773.8	0.5184124	-0.03999522
1773.9	0.51776	-0.02154205
1774	0.5189517	-0.01019819
1774.1	0.52125	-0.01214433
1774.2	0.5240749	0.000674648
1774.3	0.5268317	0.01355561
1774.4	0.5295244	0.02204532
1774.5	0.531983	0.02027002
1774.6	0.5289643	0.0165467
1774.7	0.5214841	0.01371232
1774.8	0.5203614	0.00589349
1774.9	0.5195134	-0.002164671
1775	0.5189446	-0.006299092
1775.1	0.5194623	0.005718665
1775.2	0.5187232	0.02064519
1775.3	0.5163968	0.02173704
1775.4	0.5150147	0.02266332
1775.5	0.514134	0.02412161
1775.6	0.513889	0.02910785
1775.7	0.5130641	0.03147088
1775.8	0.5102181	0.03223284
1775.9	0.5038025	0.03281109
1776	0.501038	0.03509238
1776.1	0.5000318	0.03822168
1776.2	0.5013156	0.03395604
1776.3	0.5005449	0.03023209
1776.4	0.4996735	0.02699913
1776.5	0.5001934	0.02544182
1776.6	0.4969578	0.02062718
1776.7	0.4920296	0.01228378
1776.8	0.4858921	0.01152614
1776.9	0.4841734	0.01206121
1777	0.4829767	0.01383688
1777.1	0.4738023	-0.000256921
1777.2	0.4679867	-0.0166223
1777.3	0.4639476	-0.03405229
1777.4	0.4587512	-0.03213575
1777.5	0.4530905	-0.02863589
1777.6	0.4475148	-0.02823093
1777.7	0.4479425	-0.01932427
1777.8	0.4525965	-0.007386684
1777.9	0.4607866	0.007177755
1778	0.4650308	0.02414466
1778.1	0.4737911	0.0439219
1778.2	0.4872144	0.07024844
1778.3	0.4909352	0.08578659
1778.4	0.487725	0.09285948
1778.5	0.4762371	0.082316
1778.6	0.4762872	0.06207079
1778.7	0.4736299	0.0375228
1778.8	0.4653131	0.01606024
1778.9	0.4601999	-0.005835326
1779	0.4595607	-0.02704102
1779.1	0.466423	-0.03925123
1779.2	0.4726041	-0.04482756
1779.3	0.4821093	-0.04465024
1779.4	0.4997106	-0.0288079
1779.5	0.506487	-0.01709604
1779.6	0.5107158	-0.009136303
1779.7	0.5166577	0.00361251
1779.8	0.5139008	0.01062109
1779.9	0.5097651	0.0113106
1780	0.5129313	0.01520794
1780.1	0.5121876	0.0179691
1780.2	0.5102108	0.01899566
1780.3	0.5115175	0.01727784
1780.4	0.5105523	0.01646428
1780.5	0.5077922	0.01760157
1780.6	0.5011325	-0.003087477
1780.7	0.4950541	-0.02865953
1780.8	0.4898137	-0.05666874
1780.9	0.4912165	-0.06582249
1781	0.4931703	-0.07008727
1781.1	0.4955026	-0.0733223
1781.2	0.4897246	-0.08393733
1781.3	0.4899342	-0.09254507
1781.4	0.4964257	-0.08711006
1781.5	0.50158	-0.0864977
1781.6	0.506584	-0.08405671
1781.7	0.5114601	-0.065292
1781.8	0.5143663	-0.04578471
1781.9	0.5191739	-0.0283956
1782	0.5272108	-0.02632649
1782.1	0.5324359	-0.02326518
1782.2	0.5356374	-0.01898376
1782.3	0.5357955	-0.00876471
1782.4	0.5329372	0.000189086
1782.5	0.5309396	0.008291679
1782.6	0.5325644	0.01880817
1782.7	0.5324736	0.02238299
1782.8	0.5327445	0.01955012
1782.9	0.5356489	0.005898753
1783	0.5326815	-0.002745605
1783.1	0.5286911	-0.005740298
1783.2	0.5295627	-0.01330077
1783.3	0.5288339	-0.02048481
1783.4	0.5285066	-0.02681722
1783.5	0.5346987	-0.02904622
1783.6	0.5421802	-0.02861885
1783.7	0.5492406	-0.02453972
1783.8	0.5460928	-0.02211498
1783.9	0.5473614	-0.0179376
1784	0.5517598	-0.009580636
1784.1	0.5550083	-0.01307519
1784.2	0.5590174	-0.01330856
1784.3	0.5636574	0.00227332
1784.4	0.5635736	0.007401815
1784.5	0.5674518	0.008359114
1784.6	0.5755542	0.006676898
1784.7	0.5811297	0.004788346
1784.8	0.5860111	0.003373285
1784.9	0.5901307	0.004435455
1785	0.5940911	0.001027162
1785.1	0.5983055	-0.001926157
1785.2	0.6029444	0.01264156
1785.3	0.6080695	0.01250887
1785.4	0.6155273	0.002792031
1785.5	0.6273649	-0.009663695
1785.6	0.6383309	-0.01316449
1785.7	0.6461368	-0.009839998
1785.8	0.6467567	-0.008851272
1785.9	0.6418716	-0.007573965
1786	0.6353987	-0.006025975
1786.1	0.6291585	0.004203036
1786.2	0.6269595	0.007570256
1786.3	0.6271322	0.003057737
1786.4	0.6305875	0.001843078
1786.5	0.6351016	0.003476257
1786.6	0.639421	0.008772
1786.7	0.6396435	0.01314973
1786.8	0.6368724	0.01451595
1786.9	0.6323459	0.01097808
1787	0.6282553	0.002864966
1787.1	0.6196312	-0.00732416
1787.2	0.6079988	-0.02013366
1787.3	0.6023588	-0.02676218
1787.4	0.5967495	-0.03188785
1787.5	0.5911778	-0.03712473
1787.6	0.5880969	-0.03578503
1787.7	0.5905144	-0.03352429
1787.8	0.5988883	-0.03548866
1787.9	0.5903836	-0.04545003
1788	0.5856903	-0.05761874
1788.1	0.5870295	-0.0645256
1788.2	0.5923681	-0.0680314
1788.3	0.595827	-0.07011233
1788.4	0.5956203	-0.07455146
1788.5	0.5930755	-0.07551371
1788.6	0.5910573	-0.07334578
1788.7	0.5908319	-0.06148876
1788.8	0.5888785	-0.05021164
1788.9	0.5884161	-0.03915957
1789	0.592629	-0.02193259
1789.1	0.5952104	-0.01075965
1789.2	0.5960211	-0.005356962
1789.3	0.5928203	0.001712832
1789.4	0.5901552	0.0143175
1789.5	0.5890579	0.03329251
1789.6	0.5936646	0.03460165
1789.7	0.5933392	0.0288303
1789.8	0.5915788	0.01470201
1789.9	0.5958595	0.02107812
1790	0.5913637	0.02475709
1790.1	0.5817291	0.01954041
1790.2	0.5743598	0.01881869
1790.3	0.5692701	0.01844012
1790.4	0.5659223	0.01702524
1790.5	0.5632932	0.002069302
1790.6	0.5612995	-0.01285292
1790.7	0.5598829	-0.01839669
1790.8	0.5572116	-0.01138642
1790.9	0.5543321	-0.0015556
1791	0.5512234	0.003394483
1791.1	0.5453117	0.002250043
1791.2	0.5410728	-0.002685299
1791.3	0.5392584	-0.01314033
1791.4	0.5365736	-0.01923299
1791.5	0.5321298	-0.02119821
1791.6	0.5249668	-0.01090744
1791.7	0.5229685	-0.001068959
1791.8	0.5196532	0.007058408
1791.9	0.5119398	-0.001081946
1792	0.5113465	-0.003604228
1792.1	0.5122502	-0.001699626
1792.2	0.5126625	-0.001594581
1792.3	0.5154117	0.005896906
1792.4	0.5196363	0.02054219
1792.5	0.5262476	0.02145149
1792.6	0.5295784	0.02085396
1792.7	0.5298513	0.01874973
1792.8	0.5226474	0.01204653
1792.9	0.5206923	0.00746018
1793	0.5207517	0.006343753
1793.1	0.5168691	0.003633514
1793.2	0.5152312	0.000204991
1793.3	0.5149435	-0.004127323
1793.4	0.5141704	-0.003723039
1793.5	0.515705	-0.000379859
1793.6	0.5189165	0.007371843
1793.7	0.5204268	0.01657875
1793.8	0.5236149	0.02289351
1793.9	0.528352	0.02026497
1794	0.5270555	0.009733745
1794.1	0.5293557	-0.000819918
1794.2	0.5357063	-0.001812326
1794.3	0.5377448	-0.003494678
1794.4	0.5418304	-0.005415009
1794.5	0.5490181	-0.007030256
1794.6	0.5435605	-0.009422275
1794.7	0.534142	-0.0122341
1794.8	0.5204815	-0.01503079
1794.9	0.5123071	-0.02072271
1795	0.508669	-0.02749626
1795.1	0.5123724	-0.02395365
1795.2	0.5164747	-0.01860264
1795.3	0.5221419	-0.01129175
1795.4	0.5315832	0.01310523
1795.5	0.5377118	0.02538211
1795.6	0.5414497	0.02573127
1795.7	0.540813	0.02538471
1795.8	0.53747	0.02877486
1795.9	0.5335363	0.03663979
1796	0.5319323	0.04289309
1796.1	0.5340723	0.04731192
1796.2	0.5364838	0.0492396
1796.3	0.5283661	0.06431726
1796.4	0.536996	0.07795384
1796.5	0.5538332	0.08596078
1796.6	0.5456893	0.07901724
1796.7	0.5420109	0.06722026
1796.8	0.5416078	0.05118823
1796.9	0.5369638	0.04557093
1797	0.5353091	0.04160542
1797.1	0.5364583	0.0344334
1797.2	0.5302609	0.02627284
1797.3	0.5274549	0.01987087
1797.4	0.5285714	0.02111256
1797.5	0.5230889	0.02665461
1797.6	0.522297	0.03404837
1797.7	0.5285233	0.04113349
1797.8	0.530379	0.03706774
1797.9	0.5304711	0.02506522
1798	0.5284424	6.33E-05
1798.1	0.521429	-0.01560697
1798.2	0.5127302	-0.02469329
1798.3	0.5023794	-0.03044774
1798.4	0.4931781	-0.04019346
1798.5	0.4862364	-0.05304139
1798.6	0.4844678	-0.05816916
1798.7	0.4865101	-0.05208609
1798.8	0.490602	-0.03479217
1798.9	0.4973787	-0.02708072
1799	0.5027093	-0.02802568
1799.1	0.507628	-0.03917988
1799.2	0.5134393	-0.03039139
1799.3	0.5188851	-0.02704601
1799.4	0.5239367	-0.03401318
1799.5	0.5276562	-0.03438391
1799.6	0.5317917	-0.03552801
1799.7	0.5352741	-0.03969831
1799.8	0.5287091	-0.05114578
1799.9	0.5174029	-0.0620178
1800	0.5025002	-0.06829552
1800.1	0.4910374	-0.07328063
1800.2	0.4828659	-0.08013043
1800.3	0.4778312	-0.09330097
1800.4	0.4784791	-0.09197608
1800.5	0.4796833	-0.08678361
1800.6	0.4814504	-0.08654164
1800.7	0.4812095	-0.08408656
1800.8	0.4802159	-0.08195004
1800.9	0.4783457	-0.08655341
1801	0.4791753	-0.08760133
1801.1	0.4794939	-0.0863965
1801.2	0.4783735	-0.08326501
1801.3	0.4704944	-0.08296803
1801.4	0.4633415	-0.08481712
1801.5	0.4603867	-0.0893052
1801.6	0.4588739	-0.08213875
1801.7	0.4585969	-0.06523672
1801.8	0.4606385	-0.04998333
1801.9	0.4611738	-0.03255713
1802	0.4619029	-0.01292309
1802.1	0.4650609	-0.003159306
1802.2	0.4639944	0.000164093
1802.3	0.4607337	-0.004097647
1802.4	0.4556764	-0.009881539
1802.5	0.4564973	-0.01409644
1802.6	0.4595602	-0.01577004
1802.7	0.4565231	-0.02712421
1802.8	0.4523414	-0.04222404
1802.9	0.4478219	-0.06169667
1803	0.4480463	-0.0704478
1803.1	0.4426473	-0.07532208
1803.2	0.4329237	-0.07641947
1803.3	0.4282182	-0.0756572
1803.4	0.4264092	-0.07130754
1803.5	0.4274054	-0.05805638
1803.6	0.4291664	-0.04472582
1803.7	0.4284288	-0.03327214
1803.8	0.4247434	-0.02907583
1803.9	0.4238605	-0.0278257
1804	0.4227001	-0.02662274
1804.1	0.42087	-0.01852175
1804.2	0.4214018	-0.02038009
1804.3	0.4251111	-0.02583024
1804.4	0.4338519	-0.01456544
1804.5	0.4401929	-0.01119424
1804.6	0.4438922	-0.01345467
1804.7	0.4428629	-0.01718824
1804.8	0.4405012	-0.02251516
1804.9	0.4372529	-0.02904632
1805	0.4325385	-0.02616494
1805.1	0.4320252	-0.02972849
1805.2	0.4326664	-0.03994657
1805.3	0.4322761	-0.03292281
1805.4	0.4343918	-0.03130412
1805.5	0.4375956	-0.0371677
1805.6	0.4407688	-0.02935022
1805.7	0.4401674	-0.02426179
1805.8	0.438517	-0.02515039
1805.9	0.443941	-0.0311789
1806	0.4463489	-0.04026615
1806.1	0.4464552	-0.05367057
1806.2	0.4430233	-0.04590795
1806.3	0.4375375	-0.03560605
1806.4	0.4303131	-0.0299284
1806.5	0.4206	-0.0371764
1806.6	0.4111467	-0.04813195
1806.7	0.4019492	-0.05901755
1806.8	0.3949509	-0.06916028
1806.9	0.3878163	-0.07913739
1807	0.3804657	-0.08955128
1807.1	0.3828898	-0.08296603
1807.2	0.3875635	-0.07095828
1807.3	0.3944665	-0.07289323
1807.4	0.4104065	-0.07523298
1807.5	0.4256763	-0.07691845
1807.6	0.4376466	-0.07125334
1807.7	0.4432937	-0.06893499
1807.8	0.446172	-0.0691309
1807.9	0.4456803	-0.07136764
1808	0.4440037	-0.05808472
1808.1	0.4413567	-0.03169981
1808.2	0.4368932	-0.03272813
1808.3	0.4396161	-0.02479393
1808.4	0.4463305	-0.007456441
1808.5	0.4583676	0.01165999
1808.6	0.4674596	0.03228442
1808.7	0.4736303	0.05474357
1808.8	0.4718251	0.07407179
1808.9	0.4692282	0.09026877
1809	0.4663449	0.1020544
1809.1	0.46457	0.1024896
1809.2	0.4629346	0.09529183
1809.3	0.4607492	0.07682985
1809.4	0.4502558	0.04502763
1809.5	0.4422655	0.01684191
1809.6	0.4364597	0.004222292
1809.7	0.435529	-0.002614094
1809.8	0.4331424	-0.006987511
1809.9	0.4292998	-0.009071674
1810	0.427779	-0.01045104
1810.1	0.4248657	-0.01439535
1810.2	0.4201948	-0.02967416
1810.3	0.4137568	-0.031181
1810.4	0.4067447	-0.02238633
1810.5	0.3990879	0.007054582
1810.6	0.3954	0.02726172
1810.7	0.3907691	0.04111318
1810.8	0.3834535	0.04733137
1810.9	0.3782198	0.04361469
1811	0.3727672	0.03257287
1811.1	0.3658783	0.01932426
1811.2	0.3615524	0.02433655
1811.3	0.3572625	0.04504545
1811.4	0.3510651	0.02018549
1811.5	0.3464266	-0.009736771
1811.6	0.3424676	-0.04505603
1811.7	0.3389561	-0.0597677
1811.8	0.3388138	-0.05659326
1811.9	0.3399317	-0.03139249
1812	0.3396847	-0.02347395
1812.1	0.3423579	-0.0224205
1812.2	0.346308	-0.02956517
1812.3	0.3474708	-0.0442392
1812.4	0.3483594	-0.04713844
1812.5	0.3489583	-0.02488011
1812.6	0.3481754	-0.01171213
1812.7	0.3522294	-0.006762695
1812.8	0.3604004	-0.01677043
1812.9	0.3716335	-0.01813581
1813	0.3804348	-0.01417904
1813.1	0.3867651	-0.001821312
1813.2	0.4042702	0.01505282
1813.3	0.4176477	0.03080493
1813.4	0.4255427	0.03474977
1813.5	0.4343817	0.03963661
1813.6	0.4414381	0.04307812
1813.7	0.4457044	0.03555239
1813.8	0.4434511	0.04177743
1813.9	0.4424724	0.05431497
1814	0.445539	0.04909358
1814.1	0.4465618	0.04173167
1814.2	0.4465655	0.03356686
1814.3	0.4452085	0.03948998
1814.4	0.4425659	0.0425409
1814.5	0.4408957	0.04298602
1814.6	0.4431059	0.03391868
1814.7	0.4460608	0.03531139
1814.8	0.4493544	0.04803585
1814.9	0.4529	0.04134879
1815	0.4531232	0.0310063
1815.1	0.4516189	0.01703226
1815.2	0.4491028	0.015667
1815.3	0.444196	0.008195224
1815.4	0.4377126	-0.01112179
1815.5	0.4295793	-0.01621802
1815.6	0.4266689	-0.02183456
1815.7	0.4272302	-0.03305424
1815.8	0.425041	-0.05101774
1815.9	0.4170178	-0.06499163
1816	0.4041749	-0.06524222
1816.1	0.4005725	-0.05646093
1816.2	0.4012121	-0.04995791
1816.3	0.4062316	-0.05950428
1816.4	0.4129847	-0.04774081
1816.5	0.4167	-0.03040596
1816.6	0.4165393	-0.02519584
1816.7	0.4176488	-0.01507427
1816.8	0.4186939	-0.004215483
1816.9	0.4194722	-0.003484925
1817	0.41901	-0.002761866
1817.1	0.4191041	-0.001833849
1817.2	0.4205819	0.001067453
1817.3	0.4217524	0.007559415
1817.4	0.4201188	0.01539125
1817.5	0.4120954	-0.00348935
1817.6	0.4064505	-0.01579964
1817.7	0.401338	-0.02214149
1817.8	0.3957677	-0.01317668
1817.9	0.3897594	-0.005949119
1818	0.3840254	-0.000633999
1818.1	0.3800001	-0.01622264
1818.2	0.3783487	-0.02792543
1818.3	0.3780721	-0.03302638
1818.4	0.3791903	-0.0429243
1818.5	0.3805083	-0.04561757
1818.6	0.3813576	-0.03572477
1818.7	0.3773749	-0.04387487
1818.8	0.3723177	-0.05994941
1818.9	0.3668109	-0.08586121
1819	0.3662545	-0.09671786
1819.1	0.37072	-0.09604136
1819.2	0.3794523	-0.07530751
1819.3	0.381547	-0.06541256
1819.4	0.3841056	-0.0561057
1819.5	0.3871507	-0.03762203
1819.6	0.3926795	-0.02079138
1819.7	0.3972404	-0.00465947
1819.8	0.4004512	0.0113424
1819.9	0.3985334	0.0167388
1820	0.396228	0.01508975
1820.1	0.3940512	0.003127918
1820.2	0.3911808	-0.009748523
1820.3	0.3870852	-0.02238471
1820.4	0.3808541	-0.02702264
1820.5	0.3756885	-0.04478577
1820.6	0.3725037	-0.07173987
1820.7	0.3734738	-0.08149516
1820.8	0.379631	-0.08153114
1820.9	0.387338	-0.07259543
1821	0.3950989	-0.07797037
1821.1	0.3981387	-0.07696784
1821.2	0.3987504	-0.06876687
1821.3	0.3968489	-0.06713317
1821.4	0.4017158	-0.062681
1821.5	0.4104796	-0.05391058
1821.6	0.4228853	-0.04751534
1821.7	0.4397832	-0.04160616
1821.8	0.4585413	-0.03606566
1821.9	0.4704013	-0.03889664
1822	0.479029	-0.04502863
1822.1	0.4853877	-0.05494432
1822.2	0.4929528	-0.06445163
1822.3	0.5012345	-0.06754336
1822.4	0.5101479	-0.05439389
1822.5	0.5192351	-0.04459663
1822.6	0.5256183	-0.03379707
1822.7	0.5291185	-0.01609802
1822.8	0.5336316	-0.003791607
1822.9	0.5344828	0.005000252
1823	0.5305426	0.008069184
1823.1	0.5264646	0.008191859
1823.2	0.5257863	0.007234207
1823.3	0.5304914	0.009055588
1823.4	0.5279352	0.005841997
1823.5	0.5242974	0
1823.6	0.520779	0
1823.7	0.5158927	0
1823.8	0.5122108	0
1823.9	0.5121971	0
1824	0.5137826	0
1824.1	0.5155278	0
1824.2	0.5162713	0
1824.3	0.5167926	0
1824.4	0.5169956	0
1824.5	0.5162475	0
1824.6	0.5200626	0
1824.7	0.5256293	0
1824.8	0.5284576	0
1824.9	0.5331926	0
1825	0.538973	0
1825.1	0.543824	0
1825.2	0.5495878	0
1825.3	0.5554887	0
1825.4	0.5516362	0
1825.5	0.5494307	0
1825.6	0.5486627	0
1825.7	0.5392088	0
1825.8	0.531595	0
1825.9	0.5259748	0
1826	0.5205765	0
1826.1	0.5142346	0
1826.2	0.5066383	0
1826.3	0.5093072	0
1826.4	0.5099046	0
1826.5	0.5055103	0
1826.6	0.5060297	0
1826.7	0.5058675	0
1826.8	0.5027779	0
1826.9	0.5006957	0
1827	0.5049411	0
1827.1	0.524253	0
1827.2	0.5187184	0
1827.3	0.5100926	0
1827.4	0.5159827	0
1827.5	0.5210698	0
1827.6	0.5251575	0
1827.7	0.526379	0
1827.8	0.5200193	0
1827.9	0.5108792	0
1828	0.5076103	-0.00479641
1828.1	0.5052494	-0.01830717
1828.2	0.5036473	-0.04578654
1828.3	0.5039517	-0.04668836
1828.4	0.5036466	-0.03473045
1828.5	0.5032305	-0.005884561
1828.6	0.5096526	0
1828.7	0.5140603	0
1828.8	0.516638	0
1828.9	0.5196842	0
1829	0.5224395	0
1829.1	0.5248746	0
1829.2	0.5215722	0
1829.3	0.5216582	0
1829.4	0.5266591	0
1829.5	0.5257943	0
1829.6	0.522514	0
1829.7	0.516309	0
1829.8	0.5101689	0
1829.9	0.5001848	0
1830	0.4824444	0
1830.1	0.4815179	0
1830.2	0.4853509	0
1830.3	0.4911106	0
1830.4	0.5043635	0
1830.5	0.5160151	0
1830.6	0.5148218	0
1830.7	0.5060208	0
1830.8	0.4965651	0
1830.9	0.4975722	0
1831	0.488574	0
1831.1	0.4741384	0
1831.2	0.4574021	0
1831.3	0.4455553	0
1831.4	0.4380818	0
1831.5	0.4436887	0
1831.6	0.4409914	0
1831.7	0.4319887	0
1831.8	0.4232122	0
1831.9	0.4111054	0
1832	0.3959245	0
1832.1	0.3953709	0
1832.2	0.3969525	0
1832.3	0.4008569	0
1832.4	0.3989251	0
1832.5	0.3970042	-0.000453317
1832.6	0.3955329	-0.003088882
1832.7	0.3921885	-0.01314997
1832.8	0.3905709	-0.02575658
1832.9	0.3921644	-0.02785064
1833	0.392737	-0.02105231
1833.1	0.3944502	-0.007957314
1833.2	0.3988634	0.009616745
1833.3	0.4003961	0.02188734
1833.4	0.4004405	0.02949417
1833.5	0.398463	0.02462081
1833.6	0.3949031	0.02147726
1833.7	0.3921081	0.02003607
1833.8	0.393536	0.01976549
1833.9	0.3935636	0.01557229
1834	0.3936698	0.006670954
1834.1	0.3966862	0.002356216
1834.2	0.4021851	0
1834.3	0.4077574	0
1834.4	0.4056708	0
1834.5	0.4052717	0
1834.6	0.4056703	0
1834.7	0.4032462	0
1834.8	0.402131	0
1834.9	0.4016355	0
1835	0.3917297	0
1835.1	0.3832451	0
1835.2	0.3760934	0
1835.3	0.3723572	0.000513012
1835.4	0.3720935	0.001533791
1835.5	0.375746	0.003743344
1835.6	0.3846381	4.96E-05
1835.7	0.3880846	-0.004897238
1835.8	0.3835816	-0.003037144
1835.9	0.3846265	0.00172607
1836	0.3893878	0.00836582
1836.1	0.3993359	0.01699807
1836.2	0.40336	0.0189738
1836.3	0.4046504	0.01644946
1836.4	0.4024523	0.01408072
1836.5	0.4017518	0.01137261
1836.6	0.4010982	0.008263809
1836.7	0.3995859	0.00024409
1836.8	0.4036198	0.00411847
1836.9	0.4090267	0.01988695
1837	0.4128898	0.03302236
1837.1	0.4180867	0.04054148
1837.2	0.4225953	0.04133
1837.3	0.4214139	0.0296972
1837.4	0.4245937	0.01626784
1837.5	0.4285255	0.001609839
1837.6	0.4223632	-0.008870461
1837.7	0.4156517	-0.0158981
1837.8	0.4096426	-0.01771046
1837.9	0.4151558	-0.01847539
1838	0.4179324	-0.02159839
1838.1	0.4187516	-0.03049459
1838.2	0.4247327	-0.04266546
1838.3	0.4265541	-0.05417848
1838.4	0.4244107	-0.06125137
1838.5	0.4331562	-0.05164979
1838.6	0.4356006	-0.04032005
1838.7	0.4306135	-0.04479831
1838.8	0.4305933	-0.04602651
1838.9	0.4285703	-0.04536902
1839	0.4232907	-0.04261234
1839.1	0.4252944	-0.03190162
1839.2	0.4264036	-0.0194507
1839.3	0.4244621	-0.02783452
1839.4	0.4247344	-0.02849269
1839.5	0.4243193	-0.02550087
1839.6	0.4215739	-0.04545874
1839.7	0.4279473	-0.05416423
1839.8	0.4365304	-0.05340593
1839.9	0.444773	-0.05109758
1840	0.4516875	-0.05440532
1840.1	0.4555467	-0.06341974
1840.2	0.4503718	-0.07292393
1840.3	0.4502992	-0.07294875
1840.4	0.452296	-0.06127623
1840.5	0.4537438	-0.0782261
1840.6	0.4542044	-0.08983183
1840.7	0.4529935	-0.08989002
1840.8	0.4439859	-0.09779318
1840.9	0.433343	-0.1042351
1841	0.4214037	-0.1059427
1841.1	0.4068863	-0.1058735
1841.2	0.4006058	-0.1040203
1841.3	0.4008761	-0.09892789
1841.4	0.4003347	-0.0896433
1841.5	0.3986318	-0.07799625
1841.6	0.3958041	-0.06291971
1841.7	0.3936796	-0.05396325
1841.8	0.3908113	-0.05030973
1841.9	0.3870563	-0.05831633
1842	0.3894085	-0.05698259
1842.1	0.392317	-0.05179008
1842.2	0.3954234	-0.04899342
1842.3	0.3910286	-0.05501291
1842.4	0.3872856	-0.06500036
1842.5	0.3863344	-0.06644283
1842.6	0.3879707	-0.06423713
1842.7	0.3892455	-0.0593515
1842.8	0.3886706	-0.05265629
1842.9	0.3925413	-0.04455659
1843	0.3966904	-0.03518203
1843.1	0.398411	-0.020984
1843.2	0.3988686	-0.006147557
1843.3	0.4017011	0.009348065
1843.4	0.4144947	0.01736511
1843.5	0.4151721	0.01735449
1843.6	0.4103145	0.007600812
1843.7	0.4042881	0.002703145
1843.8	0.4045767	0
1843.9	0.4090753	0
1844	0.4190807	0
1844.1	0.4248286	0
1844.2	0.4280653	0
1844.3	0.4352818	0
1844.4	0.4414591	0
1844.5	0.4464349	0
1844.6	0.4389774	0
1844.7	0.4385717	0
1844.8	0.4451057	0
1844.9	0.4435395	0
1845	0.4427997	0
1845.1	0.4432429	0
1845.2	0.4350046	0
1845.3	0.4233523	0
1845.4	0.4076656	0
1845.5	0.3936476	0
1845.6	0.3855615	0
1845.7	0.3876319	0
1845.8	0.3837188	0
1845.9	0.3777949	0
1846	0.3700252	0
1846.1	0.3651149	0
1846.2	0.3621609	0
1846.3	0.3625162	0
1846.4	0.3608766	0.000611475
1846.5	0.3596681	0.001864496
1846.6	0.3625685	0.01020297
1846.7	0.3684253	0.02009008
1846.8	0.3742621	0.03161141
1846.9	0.3734843	0.03175094
1847	0.3674175	0.02989379
1847.1	0.3592921	0.02655863
1847.2	0.3575108	0.0313815
1847.3	0.3528939	0.03035617
1847.4	0.3468128	0.0158126
1847.5	0.3466323	0.0108594
1847.6	0.3461504	0.004291444
1847.7	0.3454025	-0.01112401
1847.8	0.343954	-0.0186155
1847.9	0.3396036	-0.02585081
1848	0.3323514	-0.0394055
1848.1	0.3306667	-0.04272482
1848.2	0.328921	-0.04518164
1848.3	0.3269354	-0.05979601
1848.4	0.3221031	-0.05781694
1848.5	0.3182715	-0.05243394
1848.6	0.3162421	-0.07243033
1848.7	0.3204985	-0.08189762
1848.8	0.3242629	-0.08527942
1848.9	0.3255866	-0.08996645
1849	0.3303286	-0.08216781
1849.1	0.3344379	-0.06666096
1849.2	0.3355749	-0.07362638
1849.3	0.3409244	-0.0811523
1849.4	0.3473001	-0.08906791
1849.5	0.3532936	-0.08416826
1849.6	0.3565491	-0.08909613
1849.7	0.3577765	-0.1045012
1849.8	0.3551162	-0.1111834
1849.9	0.3570996	-0.1088414
1850	0.3600984	-0.09529615
1850.1	0.3575385	-0.09752398
1850.2	0.3583873	-0.09304002
1850.3	0.3618763	-0.07556882
1850.4	0.3708735	-0.04915908
1850.5	0.3759882	-0.03004752
1850.6	0.3786358	-0.0278342
1850.7	0.3841433	-0.01601657
1850.8	0.3852693	-0.003188035
1850.9	0.3827471	0.006840525
1851	0.3814224	-0.000196106
1851.1	0.3776501	-0.01311841
1851.2	0.3713908	-0.02830425
1851.3	0.365192	-0.05472256
1851.4	0.3590539	-0.08352862
1851.5	0.3529884	-0.1042109
1851.6	0.3531816	-0.1198985
1851.7	0.3506391	-0.1314315
1851.8	0.3432209	-0.1330817
1851.9	0.3383689	-0.137168
1852	0.334195	-0.1408429
1852.1	0.3306009	-0.1276046
1852.2	0.3295905	-0.1149283
1852.3	0.3295757	-0.1021696
1852.4	0.3306114	-0.08036681
1852.5	0.3380981	-0.063375
1852.6	0.3462518	-0.05064423
1852.7	0.3510557	-0.02803375
1852.8	0.3572093	-0.01229602
1852.9	0.3623571	-0.004003771
1853	0.3617938	-0.01358094
1853.1	0.3627669	-0.0324144
1853.2	0.3635244	-0.06233682
1853.3	0.3594239	-0.08293333
1853.4	0.3553597	-0.09813229
1853.5	0.3515729	-0.1061885
1853.6	0.3498202	-0.09479339
1853.7	0.3479498	-0.08671341
1853.8	0.3461147	-0.0914423
1853.9	0.3460029	-0.09572553
1854	0.3474428	-0.09571292
1854.1	0.3501966	-0.08533517
1854.2	0.3524647	-0.07488645
1854.3	0.35398	-0.06492157
1854.4	0.354718	-0.05655827
1854.5	0.3540505	-0.03511709
1854.6	0.3544424	-0.01164832
1854.7	0.356219	-0.00147675
1854.8	0.3457626	0.004507142
1854.9	0.3382637	0.008618595
1855	0.3368982	0.01397162
1855.1	0.3411488	0.02025966
1855.2	0.3450518	0.02730052
1855.3	0.3467591	0.03603404
1855.4	0.3490094	0.04482304
1855.5	0.3499782	0.05296105
1855.6	0.347686	0.04736418
1855.7	0.3508991	0.03991869
1855.8	0.3540145	0.03079392
1855.9	0.3521227	0.03684278
1856	0.3538386	0.03393609
1856.1	0.3549481	0.02117077
1856.2	0.3484313	-0.000565586
1856.3	0.348128	-0.01921205
1856.4	0.348584	-0.03312452
1856.5	0.3373281	-0.05190883
1856.6	0.3306381	-0.07274477
1856.7	0.3267544	-0.096084
1856.8	0.32409	-0.09862253
1856.9	0.3216048	-0.09756614
1857	0.3193827	-0.09631713
1857.1	0.3192798	-0.08702904
1857.2	0.3174326	-0.08231063
1857.3	0.3140757	-0.09392904
1857.4	0.3107545	-0.1040759
1857.5	0.3102833	-0.1100293
1857.6	0.3128024	-0.1039118
1857.7	0.3171012	-0.09579552
1857.8	0.3202056	-0.08764593
1857.9	0.3217051	-0.08284488
1858	0.3220948	-0.08642765
1858.1	0.3224513	-0.09058474
1858.2	0.3229139	-0.07220933
1858.3	0.326531	-0.05680399
1858.4	0.3301977	-0.04211658
1858.5	0.3330443	-0.01624151
1858.6	0.3336717	0.002858614
1858.7	0.3335662	0.01601767
1858.8	0.3328759	0.01204929
1858.9	0.3352326	0.006093392
1859	0.3385782	-0.001697133
1859.1	0.3421935	-0.01444189
1859.2	0.3434933	-0.02120371
1859.3	0.3437368	-0.02125049
1859.4	0.3432851	-0.04654864
1859.5	0.3427508	-0.06908576
1859.6	0.3414344	-0.08599041
1859.7	0.3359754	-0.1164885
1859.8	0.3319916	-0.1359494
1859.9	0.3289752	-0.1345867
1860	0.3267647	-0.1149001
1860.1	0.3268012	-0.09158664
1860.2	0.3280554	-0.06736398
1860.3	0.3224064	-0.07790604
1860.4	0.3204948	-0.08436154
1860.5	0.32185	-0.05851592
1860.6	0.3205747	-0.05674467
1860.7	0.3197214	-0.06338581
1860.8	0.319318	-0.0721534
1860.9	0.320094	-0.07688825
1861	0.3210044	-0.08285992
1861.1	0.3220249	-0.1016927
1861.2	0.3258265	-0.1091632
1861.3	0.3289494	-0.1116623
1861.4	0.3305784	-0.1197637
1861.5	0.3292721	-0.1192297
1861.6	0.3268425	-0.1147163
1861.7	0.3231297	-0.1256998
1861.8	0.3186201	-0.1298101
1861.9	0.3165284	-0.129206
1862	0.3207349	-0.1429751
1862.1	0.3211381	-0.1391828
1862.2	0.3203309	-0.1189181
1862.3	0.3193331	-0.1299014
1862.4	0.3198036	-0.1310978
1862.5	0.3220518	-0.1208825
1862.6	0.3292502	-0.1175809
1862.7	0.3351917	-0.1069734
1862.8	0.3388995	-0.0857103
1862.9	0.3332807	-0.07547823
1863	0.3290995	-0.07135805
1863.1	0.3258289	-0.07539431
1863.2	0.3229556	-0.0682027
1863.3	0.3233699	-0.05710183
1863.4	0.3257851	-0.04204363
1863.5	0.3205612	-0.04614781
1863.6	0.3163118	-0.05701709
1863.7	0.3129587	-0.07306583
1863.8	0.3158507	-0.06597255
1863.9	0.3170208	-0.05626393
1864	0.3163254	-0.06354137
1864.1	0.3149704	-0.06456817
1864.2	0.3143423	-0.06005632
1864.3	0.3147101	-0.04228533
1864.4	0.3186808	-0.03264123
1864.5	0.3231444	-0.02802985
1864.6	0.3278129	-0.02848875
1864.7	0.3342608	-0.0221323
1864.8	0.3370574	-0.01434922
1864.9	0.3320659	-0.0389258
1865	0.3323485	-0.04514673
1865.1	0.333487	-0.03689632
1865.2	0.3337228	-0.0273322
1865.3	0.3324843	-0.03344644
1865.4	0.3311217	-0.0545041
1865.5	0.330808	-0.05795565
1865.6	0.3298334	-0.06350045
1865.7	0.3281555	-0.07171035
1865.8	0.3246217	-0.07781027
1865.9	0.3245803	-0.0749175
1866	0.3260503	-0.05958946
1866.1	0.326186	-0.086643
1866.2	0.3254397	-0.1030567
1866.3	0.3240624	-0.09238497
1866.4	0.3218344	-0.09623775
1866.5	0.3190666	-0.1048525
1866.6	0.3161033	-0.1178814
1866.7	0.3172746	-0.1169078
1866.8	0.3203387	-0.1122702
1866.9	0.3251223	-0.107431
1867	0.3276552	-0.1106541
1867.1	0.331753	-0.1101656
1867.2	0.3375737	-0.0874098
1867.3	0.3388835	-0.07688998
1867.4	0.3399646	-0.07237979
1867.5	0.3410441	-0.07145407
1867.6	0.3407651	-0.08176678
1867.7	0.3408008	-0.09587017
1867.8	0.3415854	-0.09493336
1867.9	0.3396793	-0.09499249
1868	0.3389291	-0.09584979
1868.1	0.3414154	-0.09837689
1868.2	0.3407734	-0.1065499
1868.3	0.338707	-0.1188999
1868.4	0.3349241	-0.1212222
1868.5	0.3286572	-0.1260665
1868.6	0.3218666	-0.1333534
1868.7	0.3159205	-0.1278859
1868.8	0.3149872	-0.1208008
1868.9	0.3168295	-0.1120603
1869	0.3219018	-0.09292435
1869.1	0.3265176	-0.07700744
1869.2	0.3304619	-0.0666991
1869.3	0.3317015	-0.06191089
1869.4	0.3323413	-0.06176906
1869.5	0.3329193	-0.06852914
1869.6	0.3365782	-0.06148595
1869.7	0.3398665	-0.0470281
1869.8	0.3427072	-0.02221183
1869.9	0.34195	-0.02426106
1870	0.3390462	-0.03435065
1870.1	0.3341611	-0.04713004
1870.2	0.3320249	-0.0430844
1870.3	0.3267578	-0.03811173
1870.4	0.3179763	-0.05037788
1870.5	0.3179384	-0.0500292
1870.6	0.316532	-0.04885888
1870.7	0.3126149	-0.07025776
1870.8	0.3137235	-0.08712323
1870.9	0.3148241	-0.09740832
1871	0.3149844	-0.07860319
1871.1	0.316526	-0.0672003
1871.2	0.3171242	-0.06261663
1871.3	0.315298	-0.08094335
1871.4	0.3118476	-0.08412345
1871.5	0.3090907	-0.07577379
1871.6	0.309135	-0.09391651
1871.7	0.3110389	-0.1107802
1871.8	0.3125291	-0.1263852
1871.9	0.3106633	-0.1225061
1872	0.3102757	-0.121354
1872.1	0.3103606	-0.1239295
1872.2	0.3098364	-0.138066
1872.3	0.3115242	-0.137203
1872.4	0.313946	-0.1133523
1872.5	0.3137919	-0.1115808
1872.6	0.3172887	-0.1066902
1872.7	0.3226572	-0.09110351
1872.8	0.3234349	-0.08187194
1872.9	0.3230973	-0.0768066
1873	0.3217361	-0.07817922
1873.1	0.3164976	-0.08084313
1873.2	0.313428	-0.08513549
1873.3	0.312393	-0.09299928
1873.4	0.3142968	-0.0880055
1873.5	0.3172218	-0.07548994
1873.6	0.3212805	-0.05207004
1873.7	0.3295956	-0.02898564
1873.8	0.3401765	-0.003776562
1873.9	0.3535376	0.03269425
1874	0.35931	0.05770486
1874.1	0.3619374	0.07294454
1874.2	0.3607426	0.06298859
1874.3	0.3576377	0.05935037
1874.4	0.3548626	0.05874106
1874.5	0.3534902	0.04197467
1874.6	0.3540316	0.02961437
1874.7	0.355072	0.02053141
1874.8	0.3561665	-0.003064647
1874.9	0.3574014	-0.0224246
1875	0.3575002	-0.03754845
1875.1	0.353595	-0.05687857
1875.2	0.3550444	-0.07185318
1875.3	0.357511	-0.08142182
1875.4	0.3543555	-0.06799103
1875.5	0.3658968	-0.04175163
1875.6	0.3846012	0.000751137
1875.7	0.3997293	0.04288364
1875.8	0.4076082	0.07893639
1875.9	0.4118275	0.1040823
1876	0.4271072	0.08764078
1876.1	0.4324661	0.07091669
1876.2	0.4298888	0.07242467
1876.3	0.4235191	0.08979093
1876.4	0.4161375	0.1055477
1876.5	0.4077914	0.1042883
1876.6	0.4116481	0.08048923
1876.7	0.4185802	0.04935081
1876.8	0.4288936	0.02098362
1876.9	0.4336366	0.008231141
1877	0.4407786	0.006342791
1877.1	0.4517876	0.0237387
1877.2	0.4605719	0.03203775
1877.3	0.4668672	0.03305543
1877.4	0.4693504	0.01757913
1877.5	0.4716978	1.51E-05
1877.6	0.4726036	-0.01750572
1877.7	0.470499	-0.0147153
1877.8	0.472861	-0.008498004
1877.9	0.4749057	0.000419564
1878	0.4730373	0.000897009
1878.1	0.4717956	0.0056273
1878.2	0.4700588	0.01467903
1878.3	0.4658752	0.01930423
1878.4	0.4672512	0.01985496
1878.5	0.471222	0.01554247
1878.6	0.4761852	0.02714342
1878.7	0.4807433	0.039255
1878.8	0.4848748	0.0501692
1878.9	0.487572	0.04333922
1879	0.4896279	0.04021059
1879.1	0.4911231	0.04851969
1879.2	0.4910037	0.04606504
1879.3	0.4900223	0.04037129
1879.4	0.4882138	0.03238083
1879.5	0.4822116	0.02683063
1879.6	0.4810394	0.02348065
1879.7	0.4845451	0.02452477
1879.8	0.4778423	0.01695305
1879.9	0.4707597	0.008398033
1880	0.4634262	0.008109991
1880.1	0.4608744	-0.0105647
1880.2	0.4588894	-0.03338788
1880.3	0.4572465	-0.03339501
1880.4	0.4575783	-0.03645695
1880.5	0.4587609	-0.03870586
1880.6	0.4609948	-0.02064657
1880.7	0.4620861	-0.009954452
1880.8	0.46238	-0.004405804
1880.9	0.4614187	0.001414151
1881	0.4653705	0.01492949
1881.1	0.4691119	0.03500849
1881.2	0.4687545	0.05559957
1881.3	0.4646485	0.06858267
1881.4	0.4600972	0.07371039
1881.5	0.4585398	0.07194813
1881.6	0.4591628	0.06940464
1881.7	0.4598909	0.06616807
1881.8	0.4565412	0.05690869
1881.9	0.4547332	0.04734632
1882	0.4535725	0.03812061
1882.1	0.4510689	0.01822159
1882.2	0.4461927	0.001674454
1882.3	0.4399587	-0.005657386
1882.4	0.4364484	-0.005568345
1882.5	0.4373924	-0.001906298
1882.6	0.4419816	0.00639433
1882.7	0.4476144	0.01159924
1882.8	0.4513131	0.01431047
1882.9	0.4531084	0.01227232
1883	0.4525225	0.01253823
1883.1	0.4524467	0.01530314
1883.2	0.4530374	0.02445994
1883.3	0.4519437	0.04034406
1883.4	0.4519427	0.05640783
1883.5	0.4537056	0.05631568
1883.6	0.4513512	0.05053112
1883.7	0.4482339	0.04142851
1883.8	0.4447209	0.03229731
1883.9	0.4441258	0.03039973
1884	0.444925	0.03345439
1884.1	0.4475365	0.03336801
1884.2	0.4536051	0.03590064
1884.3	0.4595628	0.04045505
1884.4	0.4626184	0.0248027
1884.5	0.4659981	0.01142791
1884.6	0.4687926	0.000442697
1884.7	0.4690495	0.02156842
1884.8	0.4695204	0.03897822
1884.9	0.4683104	0.05013242
1885	0.4583047	0.0431869
1885.1	0.4542139	0.03741923
1885.2	0.4519864	0.03605279
1885.3	0.4394459	0.03618308
1885.4	0.4319987	0.03538178
1885.5	0.4289858	0.03236987
1885.6	0.4386282	0.03082061
1885.7	0.4471801	0.02353468
1885.8	0.4546746	0.001841154
1885.9	0.4557468	-0.0162619
1886	0.451092	-0.03305927
1886.1	0.4407103	-0.04911286
1886.2	0.4360008	-0.05055002
1886.3	0.4281645	-0.04719573
1886.4	0.4163682	-0.04696368
1886.5	0.4135236	-0.05304394
1886.6	0.4130777	-0.06181302
1886.7	0.4151459	-0.06870423
1886.8	0.4157306	-0.06019649
1886.9	0.4206399	-0.04332095
1887	0.4337381	-0.03294042
1887.1	0.4386136	-0.02930478
1887.2	0.4430553	-0.03098958
1887.3	0.4502526	-0.04002759
1887.4	0.4588203	-0.044236
1887.5	0.4669765	-0.04415142
1887.6	0.4728871	-0.03856271
1887.7	0.4670193	-0.03019824
1887.8	0.4579844	-0.01887449
1887.9	0.4528813	-0.02636366
1888	0.457621	-0.03210011
1888.1	0.465959	-0.0345553
1888.2	0.4698868	-0.02301657
1888.3	0.4723448	-0.01995141
1888.4	0.4730457	-0.0323816
1888.5	0.4666567	-0.03537372
1888.6	0.4634836	-0.03349042
1888.7	0.4632843	-0.02502695
1888.8	0.4734644	-0.0215067
1888.9	0.4767389	-0.01917153
1889	0.4742356	-0.01700714
1889.1	0.4722447	-0.009319667
1889.2	0.4680588	-0.001191568
1889.3	0.4616424	0.003132354
1889.4	0.4703564	0.02023355
1889.5	0.477811	-9999
1889.6	0.4831768	-9999
1889.7	0.4814448	-9999
1889.8	0.4842767	-9999
1889.9	0.49483	-9999
1890	0.494978	-9999
1890.1	0.4926746	-9999
1890.2	0.4885697	-9999
1890.3	0.4875216	-9999
1890.4	0.4844494	-9999
1890.5	0.4752895	-9999
1890.6	0.4700219	-9999
1890.7	0.4659428	-9999
1890.8	0.4621275	-9999
1890.9	0.4587607	-9999
1891	0.4568876	-9999
1891.1	0.4600768	-9999
1891.2	0.4625171	-9999
1891.3	0.4629118	-9999
1891.4	0.4543832	-9999
1891.5	0.4483956	-9999
1891.6	0.4441809	-9999
1891.7	0.4424928	-9999
1891.8	0.4383776	-9999
1891.9	0.4327749	-9999
1892	0.4302926	-9999
1892.1	0.4225696	-9999
1892.2	0.4105127	-9999
1892.3	0.4064706	-9999
1892.4	0.4019895	-9999
1892.5	0.3970552	-9999
1892.6	0.3809729	-9999
1892.7	0.3781198	-9999
1892.8	0.3922946	-9999
1892.9	0.4073388	-9999
1893	0.4178423	-9999
1893.1	0.4213049	-9999
1893.2	0.4293206	-9999
1893.3	0.4376715	-9999
1893.4	0.4453979	-9999
1893.5	0.4471951	-9999
1893.6	0.4461767	-9999
1893.7	0.4415438	-9999
1893.8	0.4366243	-9999
1893.9	0.432431	-9999
1894	0.430638	-9999
1894.1	0.4245229	-9999
1894.2	0.4181999	-9999
1894.3	0.4173671	-9999
1894.4	0.4105511	-9999
1894.5	0.4019037	-9999
1894.6	0.3985815	-9999
1894.7	0.3972763	-9999
1894.8	0.397507	-9999
1894.9	0.4007236	-9999
1895	0.4032211	-9999
1895.1	0.4055264	-9999
1895.2	0.4128462	-9999
1895.3	0.4210648	-9999
1895.4	0.429972	-9999
1895.5	0.4315167	-9999
1895.6	0.43527	-9999
1895.7	0.4413404	-9999
1895.8	0.4432018	-9999
1895.9	0.4438397	-9999
1896	0.4431205	-9999
1896.1	0.4394991	-9999
1896.2	0.4335176	-9999
1896.3	0.4242882	-9999
1896.4	0.4141716	-9999
1896.5	0.4103374	-9999
1896.6	0.4187411	-9999
1896.7	0.4169754	-9999
1896.8	0.4124689	-9999
1896.9	0.4067528	-9999
1897	0.4018406	-9999
1897.1	0.3992876	-9999
1897.2	0.4031685	-9999
1897.3	0.4081737	-9999
1897.4	0.4121565	-9999
1897.5	0.4103351	-9999
1897.6	0.4093651	-9999
1897.7	0.407961	-9999
1897.8	0.4018575	-9999
1897.9	0.4041843	-9999
1898	0.4119894	-9999
1898.1	0.4239695	-9999
1898.2	0.43683	-9999
1898.3	0.4489588	-9999
1898.4	0.4380074	-9999
1898.5	0.4415634	-9999
1898.6	0.4577545	-9999
1898.7	0.4581884	-9999
1898.8	0.4552407	-9999
1898.9	0.4486879	-9999
1899	0.454854	-9999
1899.1	0.459538	-9999
1899.2	0.461619	-9999
1899.3	0.4661127	-9999
1899.4	0.469444	-9999
1899.5	0.4705748	-9999
1899.6	0.4723141	-9999
1899.7	0.4733045	-9999
1899.8	0.472655	-9999
1899.9	0.4747988	-9999
1900	0.4751745	-9999
1900.1	0.4697362	-9999
1900.2	0.4618088	-9999
1900.3	0.4537121	-9999
1900.4	0.4474204	-9999
1900.5	0.441198	-9999
1900.6	0.4360687	-9999
1900.7	0.4353131	-9999
1900.8	0.439456	-9999
1900.9	0.4461168	-9999
1901	0.45351	-9999
1901.1	0.4545606	-9999
1901.2	0.4521879	-9999
1901.3	0.4534001	-9999
1901.4	0.4546448	-9999
1901.5	0.4561032	-9999
1901.6	0.4610218	-9999
1901.7	0.4654382	-9999
1901.8	0.469378	-9999
1901.9	0.4664243	-9999
1902	0.4661853	-9999
1902.1	0.468887	-9999
1902.2	0.4726164	-9999
1902.3	0.476472	-9999
1902.4	0.4804313	-9999
1902.5	0.4847607	-9999
1902.6	0.4877912	-9999
1902.7	0.4886777	-9999
1902.8	0.484349	-9999
1902.9	0.4770639	-9999
1903	0.4656141	-9999
1903.1	0.4604256	-9999
1903.2	0.4575586	-9999
1903.3	0.4568466	-9999
1903.4	0.4552024	-9999
1903.5	0.4531755	-9999
1903.6	0.4508485	-9999
1903.7	0.4476895	-9999
1903.8	0.4447583	-9999
1903.9	0.444174	-9999
1904	0.441215	-9999
1904.1	0.4375328	-9999
1904.2	0.4365664	-9999
1904.3	0.4336249	-9999
1904.4	0.4301001	-9999
1904.5	0.432483	-9999
1904.6	0.4360672	-9999
1904.7	0.4402916	-9999
1904.8	0.4393838	-9999
1904.9	0.4374974	-9999
1905	0.434722	-9999
1905.1	0.431754	-9999
1905.2	0.4322152	-9999
1905.3	0.4364516	-9999
1905.4	0.4465392	-9999
1905.5	0.4526682	-9999
1905.6	0.4531123	-9999
1905.7	0.4549007	-9999
1905.8	0.4585789	-9999
1905.9	0.4651074	-9999
1906	0.4619799	-9999
1906.1	0.4580615	-9999
1906.2	0.4558205	-9999
1906.3	0.4541478	-9999
1906.4	0.4536765	-9999
1906.5	0.4558936	-9999
1906.6	0.4533581	-9999
1906.7	0.4499827	-9999
1906.8	0.4487465	-9999
1906.9	0.4488296	-9999
1907	0.4492741	-9999
1907.1	0.4489746	-9999
1907.2	0.4522895	-9999
1907.3	0.4568188	-9999
1907.4	0.4575746	-9999
1907.5	0.4557401	-9999
1907.6	0.4525729	-9999
1907.7	0.4521884	-9999
1907.8	0.44902	-9999
1907.9	0.4438683	-9999
1908	0.441635	-9999
1908.1	0.4404523	-9999
1908.2	0.4402395	-9999
1908.3	0.4379369	-9999
1908.4	0.4337652	-9999
1908.5	0.4275123	-9999
1908.6	0.4273086	-9999
1908.7	0.430157	-9999
1908.8	0.4367009	-9999
1908.9	0.4483473	-9999
1909	0.4579256	-9999
1909.1	0.463131	-9999
1909.2	0.4598453	-9999
1909.3	0.4565107	-9999
1909.4	0.4560978	-9999
1909.5	0.4570073	-9999
1909.6	0.4589851	-9999
1909.7	0.4628809	-9999
1909.8	0.4638746	-9999
1909.9	0.4639525	-9999
1910	0.4640994	-9999
1910.1	0.4619799	-9999
1910.2	0.4595369	-9999
1910.3	0.4598053	-9999
1910.4	0.4628912	-9999
1910.5	0.4664845	-9999
1910.6	0.4640798	-9999
1910.7	0.4625536	-9999
1910.8	0.4616817	-9999
1910.9	0.4618181	-9999
1911	0.4610524	-9999
1911.1	0.4594637	-9999
1911.2	0.45486	-9999
1911.3	0.4514956	-9999
1911.4	0.4492936	-9999
1911.5	0.4494846	-9999
1911.6	0.449883	-9999
1911.7	0.4504952	-9999
1911.8	0.4503668	-9999
1911.9	0.4505215	-9999
1912	0.4511279	-9999
1912.1	0.4501669	-9999
1912.2	0.4497217	-9999
1912.3	0.4504545	-9999
1912.4	0.4481154	-9999
1912.5	0.4472306	-9999
1912.6	0.4505291	-9999
1912.7	0.4484395	-9999
1912.8	0.4480278	-9999
1912.9	0.4555513	-9999
1913	0.4500895	-9999
1913.1	0.4435185	-9999
1913.2	0.447692	-9999
1913.3	0.4440216	-9999
1913.4	0.4382826	-9999
1913.5	0.4381437	-9999
1913.6	0.4423322	-9999
1913.7	0.4482674	-9999
1913.8	0.4507661	-9999
1913.9	0.451597	-9999
1914	0.4512056	-9999
1914.1	0.4492108	-9999
1914.2	0.4448895	-9999
1914.3	0.4390177	-9999
1914.4	0.4405771	-9999
1914.5	0.4439471	-9999
1914.6	0.4490426	-9999
1914.7	0.4532092	-9999
1914.8	0.4544431	-9999
1914.9	0.4523023	-9999
1915	0.4491611	-9999
1915.1	0.4482765	-9999
1915.2	0.4506496	-9999
1915.3	0.4578019	-9999
1915.4	0.4644376	-9999
1915.5	0.4691926	-9999
1915.6	0.4735295	-9999
1915.7	0.4754346	-9999
1915.8	0.4723365	-9999
1915.9	0.4733307	-9999
1916	0.4743085	-9999
1916.1	0.4724352	-9999
1916.2	0.4669742	-9999
1916.3	0.4604403	-9999
1916.4	0.4543768	-9999
1916.5	0.4507765	-9999
1916.6	0.4484179	-9999
1916.7	0.4469307	-9999
1916.8	0.4492552	-9999
1916.9	0.4526699	-9999
1917	0.4496516	-9999
1917.1	0.4442851	-9999
1917.2	0.4375544	-9999
1917.3	0.4328414	-9999
1917.4	0.4268552	-9999
1917.5	0.4200901	-9999
1917.6	0.4205205	-9999
1917.7	0.4203673	-9999
1917.8	0.4196487	-9999
1917.9	0.4299979	-9999
1918	0.4364336	-9999
1918.1	0.438064	-9999
1918.2	0.4445437	-9999
1918.3	0.4473869	-9999
1918.4	0.4445667	-9999
1918.5	0.4461567	-9999
1918.6	0.4459018	-9999
1918.7	0.4414518	-9999
1918.8	0.4356759	-9999
1918.9	0.4311276	-9999
1919	0.4297831	-9999
1919.1	0.4256676	-9999
1919.2	0.420844	-9999
1919.3	0.4160743	-9999
1919.4	0.4124514	-9999
1919.5	0.4099877	-9999
1919.6	0.410235	-9999
1919.7	0.4091573	-9999
1919.8	0.4088624	-9999
1919.9	0.4151221	-9999
1920	-9999	-9999
1920.1	-9999	-9999
1920.2	-9999	-9999
1920.3	-9999	-9999
1920.4	-9999	-9999
1920.5	-9999	-9999
1920.6	-9999	-9999
1920.7	-9999	-9999
1920.8	-9999	-9999
1920.9	-9999	-9999
1921	-9999	-9999
1921.1	-9999	-9999
1921.2	-9999	-9999
1921.3	-9999	-9999
1921.4	-9999	-9999
1921.5	-9999	-9999
1921.6	-9999	-9999
1921.7	-9999	-9999
1921.8	-9999	-9999
1921.9	-9999	-9999
1922	-9999	-9999
1922.1	-9999	-9999
1922.2	-9999	-9999
1922.3	-9999	-9999
1922.4	-9999	-9999
1922.5	-9999	-9999
1922.6	-9999	-9999
1922.7	-9999	-9999
1922.8	-9999	-9999
1922.9	-9999	-9999
1923	-9999	-9999
1923.1	-9999	-9999
1923.2	-9999	-9999
1923.3	-9999	-9999
1923.4	-9999	-9999
1923.5	-9999	-9999
1923.6	-9999	-9999
1923.7	-9999	-9999
1923.8	-9999	-9999
1923.9	-9999	-9999
1924	-9999	-9999
1924.1	-9999	-9999
1924.2	-9999	-9999
1924.3	-9999	-9999
1924.4	-9999	-9999
1924.5	-9999	-9999
1924.6	-9999	-9999
1924.7	-9999	-9999
1924.8	-9999	-9999
1924.9	-9999	-9999
1925	-9999	-9999
1925.1	-9999	-9999
1925.2	-9999	-9999
1925.3	-9999	-9999
1925.4	-9999	-9999
1925.5	-9999	-9999
1925.6	-9999	-9999
1925.7	-9999	-9999
1925.8	-9999	-9999
1925.9	-9999	-9999
1926	-9999	-9999
1926.1	-9999	-9999
1926.2	-9999	-9999
1926.3	-9999	-9999
1926.4	-9999	-9999
1926.5	-9999	-9999
1926.6	-9999	-9999
1926.7	-9999	-9999
1926.8	-9999	-9999
1926.9	-9999	-9999
1927	-9999	-9999
1927.1	-9999	-9999
1927.2	-9999	-9999
1927.3	-9999	-9999
1927.4	-9999	-9999
1927.5	-9999	-9999
1927.6	-9999	-9999
1927.7	-9999	-9999
1927.8	-9999	-9999
1927.9	-9999	-9999
1928	-9999	-9999
1928.1	-9999	-9999
1928.2	-9999	-9999
1928.3	-9999	-9999
1928.4	-9999	-9999
1928.5	-9999	-9999
1928.6	-9999	-9999
1928.7	-9999	-9999
1928.8	-9999	-9999
1928.9	-9999	-9999
1929	-9999	-9999
1929.1	-9999	-9999
1929.2	-9999	-9999
1929.3	-9999	-9999
1929.4	-9999	-9999
1929.5	-9999	-9999
1929.6	-9999	-9999
1929.7	-9999	-9999
1929.8	-9999	-9999
1929.9	-9999	-9999
1930	-9999	-9999
1930.1	-9999	-9999
1930.2	-9999	-9999
1930.3	-9999	-9999
1930.4	-9999	-9999
1930.5	-9999	-9999
1930.6	-9999	-9999
1930.7	-9999	-9999
1930.8	-9999	-9999
1930.9	-9999	-9999
1931	-9999	-9999
