深度        孔隙度     含水合物饱和度
1586.484	-9999	-9999
1586.6364	-9999	-9999
1586.7888	-9999	-9999
1586.9412	-9999	-9999
1587.0936	-9999	-9999
1587.246	-9999	-9999
1587.3984	-9999	-9999
1587.5508	-9999	-9999
1587.7032	-9999	-9999
1587.8556	-9999	-9999
1588.008	-9999	-9999
1588.1604	-9999	-9999
1588.3128	-9999	-9999
1588.4652	-9999	-9999
1588.6176	-9999	-9999
1588.77	-9999	-9999
1588.9224	-9999	-9999
1589.0748	-9999	-9999
1589.2272	-9999	-9999
1589.3796	-9999	-9999
1589.532	-9999	-9999
1589.6844	-9999	-9999
1589.8368	-9999	-9999
1589.9892	-9999	-9999
1590.1416	-9999	-9999
1590.294	-9999	-9999
1590.4464	-9999	-9999
1590.5988	-9999	-9999
1590.7512	-9999	-9999
1590.9036	-9999	-9999
1591.056	-9999	-9999
1591.2084	-9999	-9999
1591.3608	-9999	-9999
1591.5132	-9999	-9999
1591.6656	-9999	-9999
1591.818	-9999	-9999
1591.9704	-9999	-9999
1592.1228	-9999	-9999
1592.2752	-9999	-9999
1592.4276	-9999	-9999
1592.58	-9999	-9999
1592.7324	-9999	-9999
1592.8848	-9999	-9999
1593.0372	-9999	-9999
1593.1896	-9999	-9999
1593.342	-9999	-9999
1593.4944	-9999	-9999
1593.6468	-9999	-9999
1593.7992	-9999	-9999
1593.9516	-9999	-9999
1594.104	-9999	-9999
1594.2564	-9999	-9999
1594.4088	-9999	-9999
1594.5612	-9999	-9999
1594.7136	-9999	-9999
1594.866	-9999	-9999
1595.0184	-9999	-9999
1595.1708	-9999	-9999
1595.3232	-9999	-9999
1595.4756	-9999	-9999
1595.628	-9999	-9999
1595.7804	-9999	-9999
1595.9328	-9999	-9999
1596.0852	-9999	-9999
1596.2376	-9999	-9999
1596.39	-9999	-9999
1596.5424	-9999	-9999
1596.6948	-9999	-9999
1596.8472	-9999	-9999
1596.9996	-9999	-9999
1597.152	-9999	-9999
1597.3044	-9999	-9999
1597.4568	-9999	-9999
1597.6092	-9999	-9999
1597.7616	-9999	-9999
1597.914	-9999	-9999
1598.0664	-9999	-9999
1598.2188	-9999	-9999
1598.3712	-9999	-9999
1598.5236	-9999	-9999
1598.676	-9999	-9999
1598.8284	-9999	-9999
1598.9808	-9999	-9999
1599.1332	-9999	-9999
1599.2856	-9999	-9999
1599.438	-9999	-9999
1599.5904	-9999	-9999
1599.7428	-9999	-9999
1599.8952	-9999	-9999
1600.0476	-9999	-9999
1600.2	-9999	-9999
1600.3524	-9999	-9999
1600.5048	-9999	-9999
1600.6572	-9999	-9999
1600.8096	-9999	-9999
1600.962	-9999	-9999
1601.1144	-9999	-9999
1601.2668	-9999	-9999
1601.4192	-9999	-9999
1601.5716	-9999	-9999
1601.724	-9999	-9999
1601.8764	-9999	-9999
1602.0288	-9999	-9999
1602.1812	-9999	-9999
1602.3336	-9999	-9999
1602.486	-9999	-9999
1602.6384	-9999	-9999
1602.7908	-9999	-9999
1602.9432	-9999	-9999
1603.0956	-9999	-9999
1603.248	-9999	-9999
1603.4004	-9999	-9999
1603.5528	-9999	-9999
1603.7052	-9999	-9999
1603.8576	-9999	-9999
1604.01	-9999	-9999
1604.1624	-9999	-9999
1604.3148	-9999	-9999
1604.4672	-9999	-9999
1604.6196	-9999	-9999
1604.772	-9999	-9999
1604.9244	-9999	-9999
1605.0768	-9999	-9999
1605.2292	-9999	-9999
1605.3816	-9999	-9999
1605.534	-9999	-9999
1605.6864	-9999	-9999
1605.8388	-9999	-9999
1605.9912	-9999	-9999
1606.1436	-9999	-9999
1606.296	-9999	-9999
1606.4484	-9999	-9999
1606.6008	-9999	-9999
1606.7532	-9999	-9999
1606.9056	-9999	-9999
1607.058	-9999	-9999
1607.2104	-9999	-9999
1607.3628	-9999	-9999
1607.5152	-9999	-9999
1607.6676	-9999	-9999
1607.82	-9999	-9999
1607.9724	-9999	-9999
1608.1248	-9999	-9999
1608.2772	-9999	-9999
1608.4296	-9999	-9999
1608.582	-9999	-9999
1608.7344	-9999	-9999
1608.8868	-9999	-9999
1609.0392	-9999	-9999
1609.1916	-9999	-9999
1609.344	-9999	-9999
1609.4964	-9999	-9999
1609.6488	-9999	-9999
1609.8012	-9999	-9999
1609.9536	-9999	-9999
1610.106	-9999	-9999
1610.2584	-9999	-9999
1610.4108	-9999	-9999
1610.5632	-9999	-9999
1610.7156	-9999	-9999
1610.868	-9999	-9999
1611.0204	-9999	-9999
1611.1728	-9999	-9999
1611.3252	-9999	-9999
1611.4776	-9999	-9999
1611.63	-9999	-9999
1611.7824	-9999	-9999
1611.9348	-9999	-9999
1612.0872	-9999	-9999
1612.2396	-9999	-9999
1612.392	-9999	-9999
1612.5444	-9999	-9999
1612.6968	-9999	-9999
1612.8492	-9999	-9999
1613.0016	-9999	-9999
1613.154	-9999	-9999
1613.3064	-9999	-9999
1613.4588	-9999	-9999
1613.6112	-9999	-9999
1613.7636	-9999	-9999
1613.916	-9999	-9999
1614.0684	-9999	-9999
1614.2208	-9999	-9999
1614.3732	-9999	-9999
1614.5256	-9999	-9999
1614.678	-9999	-9999
1614.8304	-9999	-9999
1614.9828	-9999	-9999
1615.1352	-9999	-9999
1615.2876	-9999	-9999
1615.44	-9999	-9999
1615.5924	-9999	-9999
1615.7448	-9999	-9999
1615.8972	-9999	-9999
1616.0496	-9999	-9999
1616.202	-9999	-9999
1616.3544	-9999	-9999
1616.5068	-9999	-9999
1616.6592	-9999	-9999
1616.8116	-9999	-9999
1616.964	-9999	-9999
1617.1164	-9999	-9999
1617.2688	-9999	-9999
1617.4212	-9999	-9999
1617.5736	-9999	-9999
1617.726	-9999	-9999
1617.8784	-9999	-9999
1618.0308	-9999	-9999
1618.1832	-9999	-9999
1618.3356	-9999	-9999
1618.488	-9999	-9999
1618.6404	-9999	-9999
1618.7928	-9999	-9999
1618.9452	-9999	-9999
1619.0976	-9999	-9999
1619.25	-9999	-9999
1619.4024	-9999	-9999
1619.5548	-9999	-9999
1619.7072	-9999	-9999
1619.8596	-9999	-9999
1620.012	-9999	-9999
1620.1644	-9999	-9999
1620.3168	-9999	-9999
1620.4692	-9999	-9999
1620.6216	-9999	-9999
1620.774	-9999	-9999
1620.9264	-9999	-9999
1621.0788	-9999	-9999
1621.2312	-9999	-9999
1621.3836	-9999	-9999
1621.536	-9999	-9999
1621.6884	-9999	-9999
1621.8408	-9999	-9999
1621.9932	-9999	-9999
1622.1456	-9999	-9999
1622.298	-9999	-9999
1622.4504	-9999	-9999
1622.6028	-9999	-9999
1622.7552	-9999	-9999
1622.9076	-9999	-9999
1623.06	-9999	-9999
1623.2124	-9999	-9999
1623.3648	-9999	-9999
1623.5172	-9999	-9999
1623.6696	-9999	-9999
1623.822	-9999	-9999
1623.9744	-9999	-9999
1624.1268	-9999	-9999
1624.2792	-9999	-9999
1624.4316	-9999	-9999
1624.584	-9999	-9999
1624.7364	-9999	-9999
1624.8888	-9999	-9999
1625.0412	-9999	-9999
1625.1936	-9999	-9999
1625.346	-9999	-9999
1625.4984	-9999	-9999
1625.6508	-9999	-9999
1625.8032	-9999	-9999
1625.9556	-9999	-9999
1626.108	-9999	-9999
1626.2604	-9999	-9999
1626.4128	-9999	-9999
1626.5652	-9999	-9999
1626.7176	-9999	-9999
1626.87	-9999	-9999
1627.0224	-9999	-9999
1627.1748	-9999	-9999
1627.3272	-9999	-9999
1627.4796	-9999	-9999
1627.632	-9999	-9999
1627.7844	-9999	-9999
1627.9368	-9999	-9999
1628.0892	-9999	-9999
1628.2416	-9999	-9999
1628.394	-9999	-9999
1628.5464	-9999	-9999
1628.6988	-9999	-9999
1628.8512	-9999	-9999
1629.0036	-9999	-9999
1629.156	-9999	-9999
1629.3084	-9999	-9999
1629.4608	-9999	-9999
1629.6132	-9999	-9999
1629.7656	-9999	-9999
1629.918	-9999	-9999
1630.0704	-9999	-9999
1630.2228	-9999	-9999
1630.3752	-9999	-9999
1630.5276	-9999	-9999
1630.68	-9999	-9999
1630.8324	-9999	-9999
1630.9848	-9999	-9999
1631.1372	-9999	-9999
1631.2896	-9999	-9999
1631.442	-9999	-9999
1631.5944	-9999	-9999
1631.7468	-9999	-9999
1631.8992	-9999	-9999
1632.0516	-9999	-9999
1632.204	-9999	-9999
1632.3564	-9999	-9999
1632.5088	-9999	-9999
1632.6612	-9999	-9999
1632.8136	-9999	-9999
1632.966	-9999	-9999
1633.1184	-9999	-9999
1633.2708	-9999	-9999
1633.4232	-9999	-9999
1633.5756	-9999	-9999
1633.728	-9999	-9999
1633.8804	-9999	-9999
1634.0328	-9999	-9999
1634.1852	-9999	-9999
1634.3376	-9999	-9999
1634.49	-9999	-9999
1634.6424	-9999	-9999
1634.7948	-9999	-9999
1634.9472	-9999	-9999
1635.0996	-9999	-9999
1635.252	-9999	-9999
1635.4044	-9999	-9999
1635.5568	-9999	-9999
1635.7092	-9999	-9999
1635.8616	-9999	-9999
1636.014	-9999	-9999
1636.1664	-9999	-9999
1636.3188	-9999	-9999
1636.4712	-9999	-9999
1636.6236	-9999	-9999
1636.776	-9999	-9999
1636.9284	-9999	-9999
1637.0808	-9999	-9999
1637.2332	-9999	-9999
1637.3856	-9999	-9999
1637.538	-9999	-9999
1637.6904	-9999	-9999
1637.8428	-9999	-9999
1637.9952	-9999	-9999
1638.1476	-9999	-9999
1638.3	-9999	-9999
1638.4524	-9999	-9999
1638.6048	-9999	-9999
1638.7572	-9999	-9999
1638.9096	-9999	-9999
1639.062	0.0001	-9999
1639.2144	0.0001	-9999
1639.3668	0.0001	-9999
1639.5192	0.587	-9999
1639.6716	0.5997	-9999
1639.824	0.5878	-9999
1639.9764	0.5748	-9999
1640.1288	0.5924	-0.5666499
1640.2812	0.5916	-0.5456517
1640.4336	0.5957	-0.5678716
1640.586	0.5949	-0.5733569
1640.7384	0.6058	-0.535303
1640.8908	0.6103	-0.4947762
1641.0432	0.6156	-0.4368105
1641.1956	0.6197	-0.3597161
1641.348	0.627	-0.2716637
1641.5004	0.6322	-0.2417625
1641.6528	0.6361	-0.2303211
1641.8052	0.6181	-0.2750708
1641.9576	0.5902	-0.39046
1642.11	0.5661	-0.4835198
1642.2624	0.5463	-0.5480025
1642.4148	0.5471	-0.5436003
1642.5672	0.5449	-0.5421298
1642.7196	0.5535	-0.5296934
1642.872	0.569	-0.493033
1643.0244	0.591	-0.4536206
1643.1768	0.5921	-0.4413697
1643.3292	0.5995	-0.4236327
1643.4816	0.6	-0.3736241
1643.634	0.5993	-0.3324798
1643.7864	0.6025	-0.2907484
1643.9388	0.6016	-0.2549603
1644.0912	0.6071	-0.2348038
1644.2436	0.6058	-0.213061
1644.396	0.6056	-0.2027948
1644.5484	0.6067	-0.1888063
1644.7008	0.6015	-0.2288326
1644.8532	0.6002	-0.2570402
1645.0056	0.5908	-0.2976751
1645.158	0.5783	-0.335981
1645.3104	0.5688	-0.4058619
1645.4628	0.5561	-0.4465024
1645.6152	0.5376	-0.4938062
1645.7676	0.5266	-0.5094489
1645.92	0.5307	-0.4775703
1646.0724	0.5342	-0.3794118
1646.2248	0.5372	-0.2517919
1646.3772	0.552	-0.1716552
1646.5296	0.5734	-0.07810766
1646.682	0.595	-0.03774276
1646.8344	0.6077	-0.05693831
1646.9868	0.613	-0.08880585
1647.1392	0.5999	-0.1902809
1647.2916	0.5916	-0.3559906
1647.444	0.5858	-0.5536849
1647.5964	0.5742	-0.8075854
1647.7488	0.5687	-1.09289
1647.9012	0.5547	-1.031864
1648.0536	0.5502	-0.9095761
1648.206	0.5398	-0.7710376
1648.3584	0.5373	-0.7453603
1648.5108	0.5447	-0.7014158
1648.6632	0.5593	-0.6957036
1648.8156	0.5638	-0.7522259
1648.968	0.5545	-0.8736731
1649.1204	0.5509	-0.8939989
1649.2728	0.5432	-0.9258612
1649.4252	0.5432	-0.9116485
1649.5776	0.5376	-0.868085
1649.73	0.5333	-0.8034451
1649.8824	0.5287	-0.7702016
1650.0348	0.5305	-0.741765
1650.1872	0.5365	-0.6989878
1650.3396	0.5372	-0.6554061
1650.492	0.5391	-0.5664744
1650.6444	0.5434	-0.08538847
1650.7968	0.552	0
1650.9492	0.5637	0
1651.1016	0.5598	0
1651.254	0.5705	0
1651.4064	0.5667	0
1651.5588	0.5686	0
1651.7112	0.5669	0
1651.8636	0.5672	0
1652.016	0.5607	0
1652.1684	0.5573	0
1652.3208	0.5662	0
1652.4732	0.5734	0
1652.6256	0.5751	0
1652.778	0.5802	0
1652.9304	0.5971	0
1653.0828	0.6102	0
1653.2352	0.6194	0
1653.3876	0.6188	0
1653.54	0.612	0
1653.6924	0.6072	0
1653.8448	0.6064	0
1653.9972	0.5968	0
1654.1496	0.5906	0
1654.302	0.5875	0
1654.4544	0.5784	0
1654.6068	0.5818	0
1654.7592	0.5908	0
1654.9116	0.5939	0
1655.064	0.5898	0
1655.2164	0.5897	0
1655.3688	0.5915	0
1655.5212	0.5976	0
1655.6736	0.6051	0
1655.826	0.589	0
1655.9784	0.5901	0
1656.1308	0.587	0
1656.2832	0.5945	0
1656.4356	0.6015	0
1656.588	0.6114	0
1656.7404	0.6114	0
1656.8928	0.6072	0
1657.0452	0.6013	0
1657.1976	0.5918	0
1657.35	0.5758	0
1657.5024	0.5696	0
1657.6548	0.5599	0
1657.8072	0.5559	0
1657.9596	0.554	0
1658.112	0.5544	0
1658.2644	0.5656	0
1658.4168	0.5839	0
1658.5692	0.5844	0
1658.7216	0.5754	0
1658.874	0.5628	0
1659.0264	0.5509	0
1659.1788	0.5492	0
1659.3312	0.5463	0
1659.4836	0.5413	0
1659.636	0.5325	0
1659.7884	0.5275	0
1659.9408	0.5271	0
1660.0932	0.5299	0
1660.2456	0.5357	0
1660.398	0.5348	0
1660.5504	0.5339	0
1660.7028	0.5258	0
1660.8552	0.5167	0
1661.0076	0.5106	0
1661.16	0.5058	0
1661.3124	0.4972	0
1661.4648	0.4997	-0.01035715
1661.6172	0.4953	-0.06674424
1661.7696	0.4868	-0.06360644
1661.922	0.4823	-0.04326993
1662.0744	0.488	-0.001625105
1662.2268	0.4877	0.01202232
1662.3792	0.4914	0.04216824
1662.5316	0.5133	0.06953595
1662.684	0.5188	0.1018052
1662.8364	0.52	0.09668721
1662.9888	0.5243	0.1043857
1663.1412	0.5237	0.09959535
1663.2936	0.5175	0.08210089
1663.446	0.5158	0.07719966
1663.5984	0.4975	0.05194533
1663.7508	0.4929	0.01169498
1663.9032	0.495	-0.002110355
1664.0556	0.4967	-0.01564153
1664.208	0.4863	-0.03017297
1664.3604	0.4879	-0.01550299
1664.5128	0.4861	-0.004395518
1664.6652	0.4932	0.006742007
1664.8176	0.4875	0.008043779
1664.97	0.4783	0.01248623
1665.1224	0.476	0.01239422
1665.2748	0.4754	-0.007862047
1665.4272	0.4855	-0.001144954
1665.5796	0.4862	0.000288626
1665.732	0.4899	0.01126342
1665.8844	0.4988	0.03777425
1666.0368	0.4995	0.07615137
1666.1892	0.5114	0.09193992
1666.3416	0.5144	0.1027499
1666.494	0.5146	0.1129359
1666.6464	0.5018	0.09170945
1666.7988	0.4831	0.0627099
1666.9512	0.473	0.0439462
1667.1036	0.4663	0.02766524
1667.256	0.4616	0.02367736
1667.4084	0.4616	0.02930027
1667.5608	0.4742	0.00509049
1667.7132	0.471	-0.01585638
1667.8656	0.4626	-0.02315743
1668.018	0.4485	-0.07190118
1668.1704	0.4382	-0.08088497
1668.3228	0.436	-0.08629816
1668.4752	0.427	-0.1086543
1668.6276	0.4301	-0.112821
1668.78	0.4179	-0.09487561
1668.9324	0.4238	-0.0744365
1669.0848	0.4033	-0.04519368
1669.2372	0.4088	-0.03552006
1669.3896	0.4143	-0.02593705
1669.542	0.443	-0.006595975
1669.6944	0.4657	0.02471886
1669.8468	0.495	0.05188926
1669.9992	0.5164	0.09849748
1670.1516	0.531	0.1062979
1670.304	0.5498	0.1062979
1670.4564	0.5569	0.1054039
1670.6088	0.5683	0.09946676
1670.7612	0.5631	0.08709557
1670.9136	0.5627	0.04061899
1671.066	0.5692	-0.01861675
1671.2184	0.5792	-0.03300506
1671.3708	0.5843	-0.05144358
1671.5232	0.5887	-0.07033508
1671.6756	0.5907	-0.09775737
1671.828	0.5838	-0.109414
1671.9804	0.5787	-0.1062748
1672.1328	0.5763	-0.1094947
1672.2852	0.5775	-0.1211511
1672.4376	0.5896	-0.1307283
1672.59	0.5923	-0.1201688
1672.7424	0.5914	-0.1171254
1672.8948	0.5839	-0.01811329
1673.0472	0.5793	0
1673.1996	0.5707	0
1673.352	0.5646	0
1673.5044	0.5654	0
1673.6568	0.5808	0
1673.8092	0.5993	0
1673.9616	0.6004	0
1674.114	0.5942	0
1674.2664	0.607	0
1674.4188	0.6125	0
1674.5712	0.6286	0
1674.7236	0.6473	0
1674.876	0.667	0
1675.0284	0.6767	0
1675.1808	0.6745	0
1675.3332	0.6232	0
1675.4856	0.5886	0
1675.638	0.5463	0
1675.7904	0.5053	0
1675.9428	0.4867	0
1676.0952	0.476	0
1676.2476	0.4664	0
1676.4	0.4828	0
1676.5524	0.4767	0
1676.7048	0.4854	0
1676.8572	0.4923	0
1677.0096	0.5254	0
1677.162	0.5469	0
1677.3144	0.5495	0
1677.4668	0.5584	0
1677.6192	0.5248	0
1677.7716	0.5245	0
1677.924	0.5104	0
1678.0764	0.5094	0
1678.2288	0.4978	0
1678.3812	0.487	0
1678.5336	0.4768	0
1678.686	0.4783	0
1678.8384	0.4911	0
1678.9908	0.4896	0
1679.1432	0.4881	0
1679.2956	0.4867	0
1679.448	0.4852	0
1679.6004	0.4837	0
1679.7528	0.4898	0
1679.9052	0.4731	0
1680.0576	0.4776	0
1680.21	0.4776	0
1680.3624	0.4776	0
1680.5148	0.474	0
1680.6672	0.474	0
1680.8196	0.474	0
1680.972	0.474	0
1681.1244	0.474	0
1681.2768	0.4687	0
1681.4292	0.4695	0
1681.5816	0.4695	0
1681.734	0.4695	0
1681.8864	0.4695	0
1682.0388	0.4692	0
1682.1912	0.4579	0
1682.3436	0.4573	0
1682.496	0.4569	0
1682.6484	0.4569	0
1682.8008	0.4488	0
1682.9532	0.4488	0
1683.1056	0.4489	0
1683.258	0.4474	0
1683.4104	0.4448	0
1683.5628	0.4425	0
1683.7152	0.4429	0
1683.8676	0.4412	0
1684.02	0.4412	0
1684.1724	0.4413	0
1684.3248	0.4461	0
1684.4772	0.4511	0
1684.6296	0.4562	0
1684.782	0.4633	0
1684.9344	0.4632	0
1685.0868	0.4549	0
1685.2392	0.4834	0
1685.3916	0.4863	0
1685.544	0.4894	0
1685.6964	0.4824	0
1685.8488	0.4762	0
1686.0012	0.4802	0
1686.1536	0.4757	0
1686.306	0.4778	0
1686.4584	0.4725	0
1686.6108	0.4683	0
1686.7632	0.4681	0
1686.9156	0.4473	0
1687.068	0.4486	0
1687.2204	0.4413	0
1687.3728	0.4267	0
1687.5252	0.4213	0
1687.6776	0.424	0
1687.83	0.4254	0
1687.9824	0.4222	0
1688.1348	0.4157	0
1688.2872	0.4189	0
1688.4396	0.4246	0
1688.592	0.4299	0
1688.7444	0.4518	0
1688.8968	0.4796	0
1689.0492	0.4925	0
1689.2016	0.5157	0
1689.354	0.5257	0
1689.5064	0.5281	0
1689.6588	0.5254	0
1689.8112	0.5142	0
1689.9636	0.534	0
1690.116	0.5341	0
1690.2684	0.514	0
1690.4208	0.5188	0
1690.5732	0.5103	0
1690.7256	0.5038	0
1690.878	0.4999	0
1691.0304	0.5155	0
1691.1828	0.5021	0
1691.3352	0.4806	0
1691.4876	0.482	0
1691.64	0.4953	0
1691.7924	0.4919	0
1691.9448	0.4992	0
1692.0972	0.5053	0
1692.2496	0.5135	0
1692.402	0.5176	0
1692.5544	0.5196	0
1692.7068	0.5234	0
1692.8592	0.5202	0
1693.0116	0.5271	0
1693.164	0.5037	0
1693.3164	0.4993	0
1693.4688	0.4984	0
1693.6212	0.5032	0
1693.7736	0.5106	0
1693.926	0.5101	0
1694.0784	0.4995	0
1694.2308	0.5027	0
1694.3832	0.5057	0.001892991
1694.5356	0.506	0.01046211
1694.688	0.4946	-0.002637648
1694.8404	0.4897	-0.02343706
1694.9928	0.4909	-0.02946909
1695.1452	0.4874	-0.01071532
1695.2976	0.4872	-0.01977453
1695.45	0.488	-0.01968216
1695.6024	0.4823	-0.02118331
1695.7548	0.4887	-0.00071009
1695.9072	0.497	-0.001659891
1696.0596	0.4977	-0.005968139
1696.212	0.4983	-0.03334691
1696.3644	0.501	-0.03580812
1696.5168	0.4968	-0.03710289
1696.6692	0.5035	-0.03704827
1696.8216	0.5098	-0.02898073
1696.974	0.5142	-0.0155275
1697.1264	0.5254	-0.001154057
1697.2788	0.5306	-0.01413517
1697.4312	0.5296	-0.03218528
1697.5836	0.5213	-0.06249882
1697.736	0.5162	-0.08869789
1697.8884	0.5094	-0.1081601
1698.0408	0.5075	-0.0954656
1698.1932	0.5092	-0.06148493
1698.3456	0.5109	-0.02094192
1698.498	0.5116	0.01226898
1698.6504	0.5129	0.04132653
1698.8028	0.5071	0.02915494
1698.9552	0.5021	-0.00135413
1699.1076	0.5051	-0.01188766
1699.26	0.5112	-0.02664725
1699.4124	0.509	-0.03417363
1699.5648	0.5076	-0.03283187
1699.7172	0.5043	-0.03792759
1699.8696	0.5037	-0.04755011
1700.022	0.4995	-0.07455864
1700.1744	0.498	-0.2724477
1700.3268	0.4796	-0.5727283
1700.4792	0.4725	-0.9102404
1700.6316	0.4729	-0.9636635
1700.784	0.4763	-0.9123699
1700.9364	0.4797	-0.5619537
1701.0888	0.4865	-0.2582648
1701.2412	0.4951	-0.08943417
1701.3936	0.5029	-0.05154081
1701.546	0.5033	-0.0262129
1701.6984	0.5073	-0.02030625
1701.8508	0.5094	-0.03369448
1702.0032	0.5205	-0.06110114
1702.1556	0.5251	-0.07843248
1702.308	0.5229	-0.09551973
1702.4604	0.5143	-0.11965
1702.6128	0.51	-0.1195735
1702.7652	0.5127	-0.09355596
1702.9176	0.5156	-0.0998283
1703.07	0.506	-0.1096638
1703.2224	0.5053	-0.1189596
1703.3748	0.5006	-0.1058162
1703.5272	0.4952	-0.09628554
1703.6796	0.4958	-0.0996903
1703.832	0.5001	-0.1269003
1703.9844	0.5027	-0.109061
1704.1368	0.4994	-0.1006961
1704.2892	0.4881	-0.08934327
1704.4416	0.4836	-0.06957286
1704.594	0.4842	-0.04811618
1704.7464	0.4945	-0.03511646
1704.8988	0.4993	-0.02661854
1705.0512	0.5017	-0.01991017
1705.2036	0.5086	-0.01922527
1705.356	0.5096	-0.01221444
1705.5084	0.5155	-0.008682245
1705.6608	0.5072	-0.003438639
1705.8132	0.5	-0.02112682
1705.9656	0.4989	-0.04834632
1706.118	0.4985	-0.06574218
1706.2704	0.4991	-0.0644296
1706.4228	0.502	-0.05382504
1706.5752	0.4986	-0.03379732
1706.7276	0.5062	-0.02849382
1706.88	0.5113	-0.02625197
1707.0324	0.5141	-0.03949922
1707.1848	0.5105	-0.0474108
1707.3372	0.5092	-0.03256023
1707.4896	0.5106	-0.0469543
1707.642	0.5095	-0.07048774
1707.7944	0.5053	-0.07879303
1707.9468	0.5035	-0.08742008
1708.0992	0.5022	-0.09703565
1708.2516	0.5139	-0.1100756
1708.404	0.5104	-0.112812
1708.5564	0.5221	-0.09545998
1708.7088	0.5255	-0.05923685
1708.8612	0.5359	-0.0279498
1709.0136	0.5457	0.004866548
1709.166	0.5558	0.01634002
1709.3184	0.5643	0.02464942
1709.4708	0.5747	0.01361835
1709.6232	0.5756	-0.007790057
1709.7756	0.5883	-0.01354561
1709.928	0.5945	-0.01561185
1710.0804	0.5953	-0.02217329
1710.2328	0.5982	-0.03122878
1710.3852	0.5981	-0.02573309
1710.5376	0.5923	-0.02838283
1710.69	0.5993	-0.04599155
1710.8424	0.5932	-0.04498209
1710.9948	0.5878	-0.03191068
1711.1472	0.5571	-0.04365426
1711.2996	0.555	-0.03881504
1711.452	0.5552	-0.03156104
1711.6044	0.5559	-0.04401709
1711.7568	0.5556	-0.04088882
1711.9092	0.5499	-0.02374952
1712.0616	0.5473	-0.03757875
1712.214	0.5341	-0.03154114
1712.3664	0.5315	-0.0298685
1712.5188	0.5348	-0.02276696
1712.6712	0.526	-0.05932789
1712.8236	0.521	-0.06132589
1712.976	0.5098	-0.07327483
1713.1284	0.5031	-0.07419433
1713.2808	0.4977	-0.07721633
1713.4332	0.5027	-0.0376975
1713.5856	0.5103	-0.01028093
1713.738	0.4909	0.001408164
1713.8904	0.4834	-0.000935955
1714.0428	0.5082	-0.01077452
1714.1952	0.4722	-0.1243352
1714.3476	0.4818	-0.1491045
1714.5	0.4912	-0.1579514
1714.6524	0.4891	-0.1726304
1714.8048	0.4972	-0.1652008
1714.9572	0.5427	-0.04915616
1715.1096	0.5489	-0.02183891
1715.262	0.5484	-0.017201
1715.4144	0.5416	-0.01060496
1715.5668	0.531	-0.005303245
1715.7192	0.5262	-0.01120273
1715.8716	0.5098	-0.03837427
1716.024	0.4964	-0.04922455
1716.1764	0.4896	-0.04470676
1716.3288	0.4913	-0.0448891
1716.4812	0.5067	-0.03124504
1716.6336	0.5168	-0.0266294
1716.786	0.5164	-0.0428635
1716.9384	0.5224	-0.05723686
1717.0908	0.5232	-0.06947625
1717.2432	0.5139	-0.08350765
1717.3956	0.5148	-0.08869468
1717.548	0.517	-0.06585463
1717.7004	0.5166	-0.05608083
1717.8528	0.5103	-0.07681099
1718.0052	0.5123	-0.06153139
1718.1576	0.508	-0.05874551
1718.31	0.5111	-0.07732747
1718.4624	0.5122	-0.08064172
1718.6148	0.5108	-0.06551297
1718.7672	0.5123	-0.05490313
1718.9196	0.5116	-0.0561189
1719.072	0.5063	-0.06134978
1719.2244	0.508	-0.06916204
1719.3768	0.5244	-0.06457317
1719.5292	0.5288	-0.05084446
1719.6816	0.5363	-0.03614746
1719.834	0.5374	-0.031533
1719.9864	0.5405	-0.01833401
1720.1388	0.5411	-0.02180754
1720.2912	0.54	-0.02736912
1720.4436	0.537	-0.03246238
1720.596	0.5358	-0.03279761
1720.7484	0.5388	-0.05145843
1720.9008	0.5405	-0.05827523
1721.0532	0.5457	-0.0694013
1721.2056	0.545	-0.09667405
1721.358	0.5485	-0.1200928
1721.5104	0.5637	-0.1014142
1721.6628	0.5731	-0.08161779
1721.8152	0.5794	-0.06840911
1721.9676	0.5762	-0.07973249
1722.12	0.5734	-0.1079903
1722.2724	0.5631	-0.1666398
1722.4248	0.5495	-0.2142209
1722.5772	0.53	-0.2509119
1722.7296	0.5144	-0.2767244
1722.882	0.5034	-0.3050708
1723.0344	0.5058	-0.2978552
1723.1868	0.5096	-0.2594853
1723.3392	0.5019	-0.2206466
1723.4916	0.5047	-0.1872959
1723.644	0.4942	-0.1681584
1723.7964	0.5004	-0.1478457
1723.9488	0.5	-0.118133
1724.1012	0.4932	-0.09435386
1724.2536	0.4776	-0.1084848
1724.406	0.4715	-0.1076653
1724.5584	0.4796	-0.1066272
1724.7108	0.4864	-0.08584893
1724.8632	0.483	-0.09551163
1725.0156	0.4775	-0.1021207
1725.168	0.4698	-0.1091435
1725.3204	0.4771	-0.0887771
1725.4728	0.4798	-0.08293623
1725.6252	0.486	-0.06767222
1725.7776	0.4819	-0.05616454
1725.93	0.4829	-0.06531742
1726.0824	0.4869	-0.07288652
1726.2348	0.4829	-0.06638391
1726.3872	0.4729	-0.07745504
1726.5396	0.4665	-0.07959874
1726.692	0.4722	-0.06558127
1726.8444	0.4845	-0.06294643
1726.9968	0.4872	-0.0632808
1727.1492	0.4948	-0.02519846
1727.3016	0.4948	-0.009973491
1727.454	0.4929	-0.00416238
1727.6064	0.4861	-0.02028205
1727.7588	0.4908	-0.04135284
1727.9112	0.4838	-0.06624299
1728.0636	0.4868	-0.09141814
1728.216	0.4886	-0.1095811
1728.3684	0.4998	-0.0931305
1728.5208	0.4942	-0.04783975
1728.6732	0.4942	0.02906232
1728.8256	0.4944	0.09350442
1728.978	0.4829	0.1411336
1729.1304	0.4693	0.112197
1729.2828	0.4517	0.01665854
1729.4352	0.427	-0.1084351
1729.5876	0.4173	-0.2099447
1729.74	0.4255	-0.2884667
1729.8924	0.4064	-0.2489929
1730.0448	0.4364	-0.1657335
1730.1972	0.4627	-0.1073215
1730.3496	0.5086	-0.0672262
1730.502	0.5116	-0.07956868
1730.6544	0.5099	-0.07319514
1730.8068	0.4992	-0.07560472
1730.9592	0.498	-0.07810692
1731.1116	0.4959	-0.05522354
1731.264	0.4891	-0.01453335
1731.4164	0.4799	-0.01543461
1731.5688	0.4848	0.01876155
1731.7212	0.4862	0.0556046
1731.8736	0.4763	0.05926742
1732.026	0.4492	0.05052413
1732.1784	0.4315	0.03914123
1732.3308	0.4277	0.01061133
1732.4832	0.4308	-0.01086768
1732.6356	0.4328	-0.02652919
1732.788	0.4285	-0.01696404
1732.9404	0.4196	-0.01188821
1733.0928	0.4036	-0.01700222
1733.2452	0.3967	-0.02035565
1733.3976	0.4045	-0.01282223
1733.55	0.4076	-0.04603767
1733.7024	0.4006	-0.09001711
1733.8548	0.3975	-0.176284
1734.0072	0.3985	-0.2364187
1734.1596	0.398	-0.3123099
1734.312	0.4062	-0.3275171
1734.4644	0.4169	-0.3157187
1734.6168	0.4192	-0.3151046
1734.7692	0.4247	-0.4500129
1734.9216	0.4199	-0.7275919
1735.074	0.4191	-1.188415
1735.2264	0.4189	-1.906168
1735.3788	0.4144	-3.034115
1735.5312	0.4058	-4.309877
1735.6836	0.4147	-4.469665
1735.836	0.442	-2.234953
1735.9884	0.4444	-1.09704
1736.1408	0.459	-0.5603347
1736.2932	0.4887	-0.2340201
1736.4456	0.5029	-0.03483
1736.598	0.5082	-0.01890837
1736.7504	0.5073	-0.03260627
1736.9028	0.5037	-0.03841263
1737.0552	0.4846	-0.04459248
1737.2076	0.496	-0.0704522
1737.36	0.496	-0.03683853
1737.5124	0.4933	-0.03103346
1737.6648	0.4838	-0.03457016
1737.8172	0.4893	-0.04431212
1737.9696	0.4922	-0.03767098
1738.122	0.4885	-0.04513808
1738.2744	0.4861	-0.04728613
1738.4268	0.4905	-0.06434898
1738.5792	0.4818	-0.07942385
1738.7316	0.4757	-0.08668091
1738.884	0.4736	-0.08596525
1739.0364	0.4744	-0.08552976
1739.1888	0.4735	-0.06793214
1739.3412	0.4734	-0.04642621
1739.4936	0.4729	-0.03392221
1739.646	0.4804	-0.02821113
1739.7984	0.4788	-0.03754718
1739.9508	0.4742	-0.07366931
1740.1032	0.466	-0.1104525
1740.2556	0.4708	-0.150046
1740.408	0.4774	-0.1542802
1740.5604	0.4899	-0.1342685
1740.7128	0.4977	-0.09689776
1740.8652	0.5006	-0.07479503
1741.0176	0.5052	-0.04714192
1741.17	0.5099	-0.02493308
1741.3224	0.5091	-0.004203788
1741.4748	0.5053	0.01298121
1741.6272	0.4981	0.03282047
1741.7796	0.4944	0.04452492
1741.932	0.4995	0.05535433
1742.0844	0.4925	0.03288817
1742.2368	0.4776	-0.003986219
1742.3892	0.4816	-0.007886292
1742.5416	0.4754	-0.02644242
1742.694	0.4794	-0.03411704
1742.8464	0.4719	-0.0265474
1742.9988	0.4629	-0.0353181
1743.1512	0.4532	-0.04340955
1743.3036	0.4538	-0.03913098
1743.456	0.4592	-0.03553229
1743.6084	0.4593	-0.04386178
1743.7608	0.4503	-0.0475913
1743.9132	0.449	-0.03910016
1744.0656	0.4461	-0.04148217
1744.218	0.4593	-0.0385459
1744.3704	0.456	-0.038419
1744.5228	0.4587	-0.05867213
1744.6752	0.449	-0.08152132
1744.8276	0.4582	-0.09471857
1744.98	0.4507	-0.1079946
1745.1324	0.4484	-0.1382469
1745.2848	0.4496	-0.1414541
1745.4372	0.4528	-0.1638485
1745.5896	0.4406	-0.3813169
1745.742	0.4414	-0.7545308
1745.8944	0.4414	-1.039859
1746.0468	0.4418	-1.067221
1746.1992	0.43	-0.9790723
1746.3516	0.4437	-0.5861175
1746.504	0.4504	-0.2401727
1746.6564	0.4441	-0.09333684
1746.8088	0.4415	-0.0855129
1746.9612	0.4366	-0.07487231
1747.1136	0.4305	-0.04854737
1747.266	0.4329	-0.0322362
1747.4184	0.4359	-0.03514325
1747.5708	0.432	-0.06055328
1747.7232	0.426	-0.08222322
1747.8756	0.4242	-0.09113131
1748.028	0.4254	-0.09539676
1748.1804	0.4271	-0.09206863
1748.3328	0.4334	-0.07355865
1748.4852	0.4294	-0.05693485
1748.6376	0.4364	-0.05998205
1748.79	0.4309	-0.0570966
1748.9424	0.4343	-0.05199706
1749.0948	0.4295	-0.04762792
1749.2472	0.4348	-0.04303507
1749.3996	0.4401	-0.03406512
1749.552	0.4476	-0.03463452
1749.7044	0.4495	-0.06772606
1749.8568	0.4561	-0.0727291
1750.0092	0.4486	-0.06426556
1750.1616	0.4341	-0.05220766
1750.314	0.4444	-0.05211528
1750.4664	0.4399	-0.02599935
1750.6188	0.4267	-0.03060638
1750.7712	0.4236	-0.05431975
1750.9236	0.4154	-0.07177979
1751.076	0.4148	-0.07525907
1751.2284	0.4173	-0.08723876
1751.3808	0.4174	-0.09481664
1751.5332	0.4223	-0.08401583
1751.6856	0.4236	-0.06916052
1751.838	0.4226	-0.06769921
1751.9904	0.421	-0.05358402
1752.1428	0.4336	-0.06819379
1752.2952	0.4355	-0.05686785
1752.4476	0.446	-0.03086544
1752.6	0.4424	-0.03334282
1752.7524	0.4477	-0.0247275
1752.9048	0.4408	-0.002789473
1753.0572	0.443	-0.005999171
1753.2096	0.4368	-0.02375395
1753.362	0.4392	-0.01071502
1753.5144	0.4451	0.004030116
1753.6668	0.4427	0.003377434
1753.8192	0.4451	-0.001471431
1753.9716	0.4498	0.009994056
1754.124	0.446	0.01479924
1754.2764	0.4437	0.01099662
1754.4288	0.4347	-0.002213743
1754.5812	0.4342	-0.009581272
1754.7336	0.438	-0.02141948
1754.886	0.4395	-0.03990291
1755.0384	0.4326	-0.0595397
1755.1908	0.4243	-0.04173611
1755.3432	0.4268	-0.02696112
1755.4956	0.427	-0.04757317
1755.648	0.4263	-0.04185514
1755.8004	0.4177	-0.03868311
1755.9528	0.4362	-0.01194142
1756.1052	0.4378	0.000380227
1756.2576	0.4322	0.000478756
1756.41	0.4266	-0.0214073
1756.5624	0.4266	-0.01761568
1756.7148	0.428	-0.04424174
1756.8672	0.4235	-0.05586381
1757.0196	0.4204	-0.07104693
1757.172	0.4203	-0.07870647
1757.3244	0.4192	-0.07326908
1757.4768	0.4259	-0.04138378
1757.6292	0.4267	-0.03938176
1757.7816	0.4214	-0.0527813
1757.934	0.4092	-0.07537811
1758.0864	0.4022	-0.09518373
1758.2388	0.4095	-0.0631354
1758.3912	0.4062	-0.05219181
1758.5436	0.3946	-0.05944168
1758.696	0.3837	-0.07896584
1758.8484	0.3866	-0.1107712
1759.0008	0.369	-0.1643889
1759.1532	0.3725	-0.173246
1759.3056	0.3786	-0.1809519
1759.458	0.3784	-0.1750766
1759.6104	0.381	-0.1464905
1759.7628	0.3865	-0.132306
1759.9152	0.3881	-0.1251362
1760.0676	0.3784	-0.1088761
1760.22	0.3745	-0.09489682
1760.3724	0.3692	-0.09479371
1760.5248	0.3669	-0.09467931
1760.6772	0.3711	-0.07296859
1760.8296	0.3895	-0.05169291
1760.982	0.3897	-0.04462872
1761.1344	0.391	-0.04642124
1761.2868	0.3869	-0.03666951
1761.4392	0.3803	-0.06308518
1761.5916	0.3679	-0.09981498
1761.744	0.3684	-0.0960533
1761.8964	0.3712	-0.1293445
1762.0488	0.3713	-0.1876257
1762.2012	0.3737	-0.1877789
1762.3536	0.3807	-0.1704051
1762.506	0.3841	-0.1548492
1762.6584	0.3907	-0.1395942
1762.8108	0.3943	-0.1223487
1762.9632	0.4087	-0.1208217
1763.1156	0.4254	-0.1265244
1763.268	0.4478	-0.1392613
1763.4204	0.4631	-0.1277666
1763.5728	0.4771	-0.1171185
1763.7252	0.4842	-0.09799
1763.8776	0.4822	-0.08420837
1764.03	0.4955	-0.06463113
1764.1824	0.5038	-0.04577767
1764.3348	0.5132	-0.04883072
1764.4872	0.5122	-0.05777476
1764.6396	0.5074	-0.06411032
1764.792	0.4991	-0.07736935
1764.9444	0.4931	-0.07786851
1765.0968	0.4808	-0.07341447
1765.2492	0.4679	-0.04875539
1765.4016	0.4732	-0.03511884
1765.554	0.477	-0.01300101
1765.7064	0.4837	0.002834825
1765.8588	0.4868	0.02124873
1766.0112	0.4953	0.04216233
1766.1636	0.4964	0.06805521
1766.316	0.4931	0.06200541
1766.4684	0.495	0.04627939
1766.6208	0.4879	0.02264007
1766.7732	0.4852	0.0128422
1766.9256	0.4738	0.01352247
1767.078	0.467	0.03125706
1767.2304	0.467	0.03120114
1767.3828	0.47	0.02703987
1767.5352	0.4834	0.01576064
1767.6876	0.4779	0.0297135
1767.84	0.4816	0.03362655
1767.9924	0.4989	0.03929498
1768.1448	0.5072	0.04475675
1768.2972	0.5026	0.0350825
1768.4496	0.5069	0.02307324
1768.602	0.4994	0.02039956
1768.7544	0.5001	0.01748322
1768.9068	0.4943	-0.003065403
1769.0592	0.4883	-0.01112215
1769.2116	0.477	-0.04096165
1769.364	0.4803	-0.06600603
1769.5164	0.4662	-0.1020305
1769.6688	0.4604	-0.09619717
1769.8212	0.4577	-0.1109361
1769.9736	0.4504	-0.1371335
1770.126	0.4437	-0.1772818
1770.2784	0.4302	-0.1896515
1770.4308	0.4326	-0.1963599
1770.5832	0.4389	-0.2080899
1770.7356	0.4576	-0.1416287
1770.888	0.4615	-0.07231808
1771.0404	0.4802	-0.01968372
1771.1928	0.4848	-0.01350833
1771.3452	0.4923	0.009182694
1771.4976	0.4899	-0.02997564
1771.65	0.4904	-0.03792406
1771.8024	0.4983	-0.06854739
1771.9548	0.4855	-0.11717
1772.1072	0.4704	-0.142891
1772.2596	0.457	-0.1300709
1772.412	0.4608	-0.1225156
1772.5644	0.4752	-0.0905222
1772.7168	0.4771	-0.09469777
1772.8692	0.4738	-0.09947002
1773.0216	0.4723	-0.1097832
1773.174	0.4589	-0.1294546
1773.3264	0.4523	-0.1847144
1773.4788	0.4466	-0.2126412
1773.6312	0.4447	-0.2330341
1773.7836	0.452	-0.2358173
1773.936	0.4571	-0.2820998
1774.0884	0.4529	-0.2401168
1774.2408	0.458	-0.2016366
1774.3932	0.4576	-0.1959005
1774.5456	0.4546	-0.1757267
1774.698	0.4532	-0.1487194
1774.8504	0.4478	-0.1287733
1775.0028	0.4559	-0.1145525
1775.1552	0.4646	-0.0983458
1775.3076	0.4722	-0.08641259
1775.46	0.4856	-0.07943937
1775.6124	0.4861	-0.1119481
1775.7648	0.4884	-0.1497315
1775.9172	0.4881	-0.1569514
1776.0696	0.489	-0.1164313
1776.222	0.4856	-0.08597484
1776.3744	0.4854	-0.06806657
1776.5268	0.4854	-0.05498073
1776.6792	0.4933	-0.0617504
1776.8316	0.5	-0.08493697
1776.984	0.4958	-0.105081
1777.1364	0.493	-0.0929423
1777.2888	0.4922	-0.09749442
1777.4412	0.5019	-0.1062283
1777.5936	0.4888	-0.139706
1777.746	0.4704	-0.1602268
1777.8984	0.4613	-0.1546941
1778.0508	0.4611	-0.1647349
1778.2032	0.4656	-0.1706938
1778.3556	0.4635	-0.1532367
1778.508	0.4617	-0.13375
1778.6604	0.4693	-0.1115862
1778.8128	0.4774	-0.09776906
1778.9652	0.4788	-0.0959514
1779.1176	0.4759	-0.1310503
1779.27	0.4723	-0.1944237
1779.4224	0.4714	-0.234423
1779.5748	0.4654	-0.2497837
1779.7272	0.4547	-0.2770561
1779.8796	0.4465	-0.3170232
1780.032	0.437	-0.310193
1780.1844	0.4328	-0.2920042
1780.3368	0.4298	-0.2367132
1780.4892	0.4341	-0.1782799
1780.6416	0.4361	-0.07527687
1780.794	0.4376	-0.01801985
1780.9464	0.4492	0.02149494
1781.0988	0.4546	0.02386856
1781.2512	0.4704	-0.01154776
1781.4036	0.4451	-0.0626061
1781.556	0.4432	-0.1047609
1781.7084	0.4379	-0.1688989
1781.8608	0.4346	-0.1777395
1782.0132	0.4253	-0.1789293
1782.1656	0.43	-0.1984743
1782.318	0.4339	-0.1843567
1782.4704	0.4391	-0.1288096
1782.6228	0.4504	-0.08121597
1782.7752	0.4617	-0.06885481
1782.9276	0.4728	-0.0488909
1783.08	0.46	-0.008034525
1783.2324	0.4606	0.02136751
1783.3848	0.4515	-0.01644203
1783.5372	0.4425	-0.02933526
1783.6896	0.4351	-0.039164
1783.842	0.4313	-0.05000114
1783.9944	0.4361	-0.06683219
1784.1468	0.436	-0.03121403
1784.2992	0.4334	-0.03760643
1784.4516	0.4329	-0.05124816
1784.604	0.4241	-0.04398376
1784.7564	0.438	-0.04618926
1784.9088	0.4183	-0.04917933
1785.0612	0.4214	-0.05825499
1785.2136	0.4137	-0.05898224
1785.366	0.4159	-0.06505216
1785.5184	0.4216	-0.05972556
1785.6708	0.4229	-0.05550058
1785.8232	0.4231	-0.04298657
1785.9756	0.4289	-0.05779001
1786.128	0.4318	-0.07096799
1786.2804	0.4431	-0.07611073
1786.4328	0.4539	-0.07753953
1786.5852	0.4411	-0.07625622
1786.7376	0.4305	-0.06910244
1786.89	0.439	-0.03423285
1787.0424	0.428	-0.00673158
1787.1948	0.4532	0.0143358
1787.3472	0.4499	0.009341052
1787.4996	0.4392	0.01303445
1787.652	0.432	0.01824663
1787.8044	0.4241	0.002858147
1787.9568	0.4127	-0.01720438
1788.1092	0.4125	0.006895858
1788.2616	0.4178	0.005031793
1788.414	0.4208	-0.02160614
1788.5664	0.4317	-0.03147577
1788.7188	0.4276	-0.02207118
1788.8712	0.4215	-0.01401237
1789.0236	0.4502	-0.00378208
1789.176	0.4376	-0.01930489
1789.3284	0.4541	-0.003477237
1789.4808	0.4615	0
1789.6332	0.4534	0
1789.7856	0.4549	0
1789.938	0.4589	0
1790.0904	0.4522	0
1790.2428	0.4649	0
1790.3952	0.4735	0
1790.5476	0.4652	0
1790.7	0.4722	0
1790.8524	0.4433	0
1791.0048	0.4341	0
1791.1572	0.426	0
1791.3096	0.4258	0
1791.462	0.423	0
1791.6144	0.4356	0
1791.7668	0.4286	0
1791.9192	0.4306	0
1792.0716	0.4331	0
1792.224	0.4278	0
1792.3764	0.4332	0
1792.5288	0.4405	0
1792.6812	0.4363	0
1792.8336	0.4428	0
1792.986	0.434	0
1793.1384	0.4279	0
1793.2908	0.4261	0
1793.4432	0.4032	0
1793.5956	0.4002	0
1793.748	0.3968	0
1793.9004	0.3949	0
1794.0528	0.4019	0
1794.2052	0.4089	0
1794.3576	0.4035	0
1794.51	0.402	0
1794.6624	0.4045	0
1794.8148	0.4047	0
1794.9672	0.4113	0
1795.1196	0.4064	0
1795.272	0.3999	0
1795.4244	0.4011	0
1795.5768	0.4075	0
1795.7292	0.4022	0
1795.8816	0.4069	0
1796.034	0.4311	0
1796.1864	0.447	0
1796.3388	0.4553	0
1796.4912	0.4671	0
1796.6436	0.4488	0
1796.796	0.4582	0
1796.9484	0.4666	0
1797.1008	0.4785	0
1797.2532	0.5148	0
1797.4056	0.5352	0
1797.558	0.5408	0
1797.7104	0.5348	0
1797.8628	0.5557	0
1798.0152	0.5089	0
1798.1676	0.4685	0
1798.32	0.448	0
1798.4724	0.4507	0
1798.6248	0.4648	0
1798.7772	0.4594	0
1798.9296	0.4466	0
1799.082	0.4666	0
1799.2344	0.4343	0
1799.3868	0.4248	0
1799.5392	0.419	0
1799.6916	0.4245	0
1799.844	0.4326	0
1799.9964	0.4677	0
1800.1488	0.4435	0
1800.3012	0.4417	0
1800.4536	0.4424	0
1800.606	0.4411	0
1800.7584	0.4389	0
1800.9108	0.4338	0
1801.0632	0.4428	0
1801.2156	0.4469	0
1801.368	0.4461	0
1801.5204	0.4353	0
1801.6728	0.44	0
1801.8252	0.4355	0
1801.9776	0.4451	0
1802.13	0.4592	0
1802.2824	0.4657	0
1802.4348	0.4684	0
1802.5872	0.4565	0
1802.7396	0.4547	0
1802.892	0.443	0
1803.0444	0.4258	0
1803.1968	0.4138	0
1803.3492	0.4077	0
1803.5016	0.3988	0
1803.654	0.4068	0
1803.8064	0.4085	0
1803.9588	0.4102	0
1804.1112	0.4059	0
1804.2636	0.4092	0
1804.416	0.4169	0
1804.5684	0.4303	0
1804.7208	0.4298	0.006805551
1804.8732	0.432	0.04290044
1805.0256	0.4308	0.0372477
1805.178	0.4359	0.03268476
1805.3304	0.4499	0.004994535
1805.4828	0.4415	0
1805.6352	0.4499	0
1805.7876	0.4433	0
1805.94	0.456	0
1806.0924	0.4352	0
1806.2448	0.4462	0
1806.3972	0.4302	0
1806.5496	0.4397	0
1806.702	0.4304	0
1806.8544	0.4302	0
1807.0068	0.4291	0
1807.1592	0.4467	0
1807.3116	0.4562	0
1807.464	0.4621	0
1807.6164	0.4477	0
1807.7688	0.4496	0
1807.9212	0.4433	0
1808.0736	0.4446	0
1808.226	0.449	0
1808.3784	0.4535	0
1808.5308	0.4632	0
1808.6832	0.4736	0
1808.8356	0.4852	0
1808.988	0.4951	0
1809.1404	0.5035	0
1809.2928	0.5027	0
1809.4452	0.5068	0
1809.5976	0.5071	0
1809.75	0.4993	0
1809.9024	0.4829	0
1810.0548	0.4838	0
1810.2072	0.4916	0
1810.3596	0.4857	0
1810.512	0.4687	0
1810.6644	0.4496	0
1810.8168	0.4525	0
1810.9692	0.4467	0
1811.1216	0.4436	0
1811.274	0.4553	0
1811.4264	0.4685	0
1811.5788	0.4845	0
1811.7312	0.5117	0
1811.8836	0.5167	0
1812.036	0.5118	0
1812.1884	0.5149	0
1812.3408	0.5256	0
1812.4932	0.5358	0
1812.6456	0.5456	0
1812.798	0.5446	0
1812.9504	0.5395	0
1813.1028	0.5282	0
1813.2552	0.5162	0
1813.4076	0.5062	0
1813.56	0.5158	0
1813.7124	0.517	0
1813.8648	0.5218	0
1814.0172	0.5138	0
1814.1696	0.5072	0
1814.322	0.4972	0
1814.4744	0.4885	0
1814.6268	0.4815	0
1814.7792	0.4717	0
1814.9316	0.4727	0
1815.084	0.4733	0
1815.2364	0.4777	0
1815.3888	0.4775	0
1815.5412	0.4748	0
1815.6936	0.4688	0
1815.846	0.471	0
1815.9984	0.4689	0
1816.1508	0.456	0
1816.3032	0.4508	0
1816.4556	0.448	0
1816.608	0.4524	0
1816.7604	0.4756	0
1816.9128	0.4917	0
1817.0652	0.4914	0
1817.2176	0.4746	0
1817.37	0.4867	0
1817.5224	0.4982	0
1817.6748	0.5277	0
1817.8272	0.5372	0
1817.9796	0.5428	0
1818.132	0.5406	0
1818.2844	0.5325	0
1818.4368	0.5303	0
1818.5892	0.5101	0
1818.7416	0.5046	0
1818.894	0.4906	0
1819.0464	0.486	0
1819.1988	0.4805	0
1819.3512	0.4833	0
1819.5036	0.4975	0
1819.656	0.5001	0
1819.8084	0.4937	0
1819.9608	0.4878	0
1820.1132	0.4908	0
1820.2656	0.4892	0
1820.418	0.4969	0
1820.5704	0.5078	0
1820.7228	0.5269	0
1820.8752	0.533	0
1821.0276	0.5279	0
1821.18	0.5239	0
1821.3324	0.5201	0
1821.4848	0.52	0
1821.6372	0.5176	0
1821.7896	0.5224	0
1821.942	0.534	0
1822.0944	0.5432	0
1822.2468	0.542	0
1822.3992	0.5371	0
1822.5516	0.519	0
1822.704	0.5142	0
1822.8564	0.495	0
1823.0088	0.5128	0
1823.1612	0.4977	0
1823.3136	0.4988	0
1823.466	0.4854	0
1823.6184	0.4982	0
1823.7708	0.5019	0
1823.9232	0.4921	0
1824.0756	0.4711	0
1824.228	0.4736	0
1824.3804	0.4648	0
1824.5328	0.4489	0
1824.6852	0.4663	0
1824.8376	0.4593	0
1824.99	0.4575	0
1825.1424	0.4607	0
1825.2948	0.4616	0
1825.4472	0.4538	0
1825.5996	0.4393	0
1825.752	0.4306	0
1825.9044	0.4255	0
1826.0568	0.4253	0
1826.2092	0.431	0
1826.3616	0.4426	0
1826.514	0.4597	0
1826.6664	0.4734	0
1826.8188	0.4798	0
1826.9712	0.491	0
1827.1236	0.4864	0
1827.276	0.4812	0
1827.4284	0.4679	0
1827.5808	0.4774	0
1827.7332	0.4726	0
1827.8856	0.4758	0
1828.038	0.4809	0
1828.1904	0.4851	0
1828.3428	0.4663	0
1828.4952	0.4602	0
1828.6476	0.4515	0
1828.8	0.4401	0
1828.9524	0.438	0
1829.1048	0.4571	0
1829.2572	0.4987	0
1829.4096	0.5307	0
1829.562	0.5417	0
1829.7144	0.552	0
1829.8668	0.5571	0
1830.0192	0.475	0
1830.1716	0.4103	0
1830.324	0.3967	0
1830.4764	0.3963	0
1830.6288	0.4095	0
1830.7812	0.4234	0
1830.9336	0.4365	0
1831.086	0.4377	0.002724393
1831.2384	0.4478	0.01704994
1831.3908	0.4448	0.01357355
1831.5432	0.4458	0.01279297
1831.6956	0.4441	0.02072879
1831.848	0.4349	0.003433476
1832.0004	0.433	0
1832.1528	0.4284	0
1832.3052	0.4369	0
1832.4576	0.4439	0
1832.61	0.4431	0
1832.7624	0.4466	0
1832.9148	0.4521	0
1833.0672	0.449	0
1833.2196	0.4472	0
1833.372	0.4424	0
1833.5244	0.4454	0
1833.6768	0.4543	0
1833.8292	0.4539	0
1833.9816	0.453	0
1834.134	0.4392	0
1834.2864	0.4328	0
1834.4388	0.43	0
1834.5912	0.4311	0
1834.7436	0.4229	0
1834.896	0.4042	0
1835.0484	0.4046	0
1835.2008	0.4045	0
1835.3532	0.4017	0
1835.5056	0.4129	0
1835.658	0.4278	0
1835.8104	0.432	0
1835.9628	0.4354	0
1836.1152	0.4275	0
1836.2676	0.4534	0
1836.42	0.4529	0
1836.5724	0.4616	0
1836.7248	0.4493	0
1836.8772	0.4524	0
1837.0296	0.4635	0
1837.182	0.4521	0
1837.3344	0.4449	0
1837.4868	0.4465	0
1837.6392	0.445	0
1837.7916	0.4455	0
1837.944	0.468	0
1838.0964	0.45	0
1838.2488	0.4398	0
1838.4012	0.4363	0
1838.5536	0.4363	0
1838.706	0.4358	0
1838.8584	0.4362	0
1839.0108	0.4333	0
1839.1632	0.4277	0
1839.3156	0.417	0
1839.468	0.413	0
1839.6204	0.4072	0
1839.7728	0.3997	0
1839.9252	0.3792	0
1840.0776	0.3875	0
1840.23	0.3784	0
1840.3824	0.3864	0
1840.5348	0.3873	0
1840.6872	0.3937	0
1840.8396	0.4135	0
1840.992	0.4059	0
1841.1444	0.4147	0
1841.2968	0.4052	0
1841.4492	0.4104	0
1841.6016	0.4282	0
1841.754	0.4118	0
1841.9064	0.4023	0
1842.0588	0.4073	0
1842.2112	0.378	0
1842.3636	0.3679	0
1842.516	0.3705	0
1842.6684	0.3663	0
1842.8208	0.3817	0
1842.9732	0.3983	0
1843.1256	0.3985	0
1843.278	0.4081	0
1843.4304	0.3973	0
1843.5828	0.3782	0
1843.7352	0.3814	0
1843.8876	0.374	0
1844.04	0.3727	0
1844.1924	0.3781	0
1844.3448	0.381	0
1844.4972	0.3655	0
1844.6496	0.3501	0
1844.802	0.3489	0
1844.9544	0.3518	0
1845.1068	0.3486	0
1845.2592	0.3475	0
1845.4116	0.3554	0
1845.564	0.3595	0
1845.7164	0.3613	0
1845.8688	0.3708	0
1846.0212	0.3905	0
1846.1736	0.4293	0
1846.326	0.439	0
1846.4784	0.457	0
1846.6308	0.4531	0
1846.7832	0.4405	0
1846.9356	0.4324	0
1847.088	0.4204	0
1847.2404	0.4156	0
1847.3928	0.4096	0
1847.5452	0.4094	0
1847.6976	0.41	0
1847.85	0.4117	0
1848.0024	0.4166	0
1848.1548	0.4155	0
1848.3072	0.4183	0
1848.4596	0.4221	0
1848.612	0.4277	0
1848.7644	0.4167	0
1848.9168	0.4175	0
1849.0692	0.416	0
1849.2216	0.4224	0
1849.374	0.4182	0
1849.5264	0.4144	0
1849.6788	0.4087	0
1849.8312	0.4139	0
1849.9836	0.4126	0
1850.136	0.4228	0
1850.2884	0.4285	0
1850.4408	0.431	0
1850.5932	0.4391	0
1850.7456	0.4437	0
1850.898	0.4509	0
1851.0504	0.4484	0
1851.2028	0.4556	0
1851.3552	0.4625	0
1851.5076	0.4635	0
1851.66	0.452	0
1851.8124	0.4388	0
1851.9648	0.4417	0
1852.1172	0.4405	0
1852.2696	0.4499	0
1852.422	0.4679	0
1852.5744	0.4784	0
1852.7268	0.4809	0
1852.8792	0.4877	0
1853.0316	0.487	0
1853.184	0.4976	0
1853.3364	0.5002	0
1853.4888	0.4832	0
1853.6412	0.4814	0
1853.7936	0.4786	0
1853.946	0.4617	0
1854.0984	0.4686	0
1854.2508	0.4631	0
1854.4032	0.4733	0
1854.5556	0.4821	0
1854.708	0.4769	0
1854.8604	0.4669	0
1855.0128	0.4662	0
1855.1652	0.4755	0
1855.3176	0.4725	0
1855.47	0.4512	0
1855.6224	0.4368	0
1855.7748	0.4503	0
1855.9272	0.4461	0
1856.0796	0.4396	0
1856.232	0.4222	0
1856.3844	0.4198	0
1856.5368	0.4136	0
1856.6892	0.4087	0
1856.8416	0.4109	0
1856.994	0.4126	0
1857.1464	0.4149	0
1857.2988	0.4208	0
1857.4512	0.4191	0
1857.6036	0.4139	0
1857.756	0.4025	0
1857.9084	0.3998	0
1858.0608	0.4031	0
1858.2132	0.4067	0
1858.3656	0.4018	0
1858.518	0.4031	0
1858.6704	0.4056	0
1858.8228	0.4127	0
1858.9752	0.4153	0
1859.1276	0.4262	0
1859.28	0.4356	0
1859.4324	0.4676	0
1859.5848	0.4847	0
1859.7372	0.4958	0
1859.8896	0.5001	0
1860.042	0.5098	0
1860.1944	0.5054	0
1860.3468	0.5114	0
1860.4992	0.5008	0
1860.6516	0.4962	0
1860.804	0.4985	0
1860.9564	0.4965	0
1861.1088	0.4951	0
1861.2612	0.4848	0
1861.4136	0.496	0
1861.566	0.4933	0
1861.7184	0.4858	0
1861.8708	0.4789	0
1862.0232	0.4795	0
1862.1756	0.4705	0
1862.328	0.4707	0
1862.4804	0.4609	0
1862.6328	0.4568	0
1862.7852	0.4581	0
1862.9376	0.4664	0
1863.09	0.4639	0
1863.2424	0.4681	0
1863.3948	0.4455	0
1863.5472	0.4515	0
1863.6996	0.4493	0
1863.852	0.4362	0
1864.0044	0.4476	0
1864.1568	0.4317	0
1864.3092	0.4412	0
1864.4616	0.4362	0
1864.614	0.4398	0
1864.7664	0.4405	0
1864.9188	0.4372	0
1865.0712	0.459	0
1865.2236	0.437	0
1865.376	0.4304	0
1865.5284	0.4172	0
1865.6808	0.4065	0
1865.8332	0.3954	0
1865.9856	0.3868	0
1866.138	0.3836	0
1866.2904	0.3776	0
1866.4428	0.3801	0
1866.5952	0.3922	0
1866.7476	0.4032	0
1866.9	0.4093	0
1867.0524	0.404	0
1867.2048	0.4029	0
1867.3572	0.3978	0
1867.5096	0.4014	0
1867.662	0.4149	0
1867.8144	0.43	0
1867.9668	0.4381	0
1868.1192	0.4468	0
1868.2716	0.4505	0
1868.424	0.4457	0
1868.5764	0.4644	0
1868.7288	0.464	0
1868.8812	0.4691	0
1869.0336	0.4612	0
1869.186	0.4592	0
1869.3384	0.4645	0
1869.4908	0.4632	0
1869.6432	0.4658	0
1869.7956	0.4583	0
1869.948	0.4435	0
1870.1004	0.435	0
1870.2528	0.4363	0
1870.4052	0.4281	0
1870.5576	0.4209	0
1870.71	0.4282	0
1870.8624	0.4271	0
1871.0148	0.4274	0
1871.1672	0.4297	0
1871.3196	0.4366	0
1871.472	0.4373	0
1871.6244	0.4338	0
1871.7768	0.4427	0
1871.9292	0.4406	0
1872.0816	0.4427	0
1872.234	0.4383	0
1872.3864	0.4219	0
1872.5388	0.4201	0
1872.6912	0.4236	0
1872.8436	0.4283	0
1872.996	0.4329	0
1873.1484	0.4117	0
1873.3008	0.3729	0
1873.4532	0.3716	0
1873.6056	0.3634	0
1873.758	0.3542	0
1873.9104	0.3995	0
1874.0628	0.4726	0
1874.2152	0.5298	0
1874.3676	0.5652	0
1874.52	0.5738	0
1874.6724	0.5813	0
1874.8248	0.5971	0
1874.9772	0.5684	0
1875.1296	0.5305	0
1875.282	0.5182	0
1875.4344	0.4731	0
1875.5868	0.4891	0
1875.7392	0.4889	0
1875.8916	0.4645	0
1876.044	0.488	0
1876.1964	0.5102	0
1876.3488	0.4889	0
1876.5012	0.4941	0
1876.6536	0.4986	0
1876.806	0.496	0
1876.9584	0.4938	0
1877.1108	0.4942	0
1877.2632	0.4972	0
1877.4156	0.4981	0
1877.568	0.5024	0
1877.7204	0.5058	0
1877.8728	0.5083	0
1878.0252	0.5079	0
1878.1776	0.511	0
1878.33	0.5072	0
1878.4824	0.5077	0
1878.6348	0.5058	0
1878.7872	0.5043	0
1878.9396	0.5044	0
1879.092	0.5062	0
1879.2444	0.5011	0
1879.3968	0.5033	0
1879.5492	0.5024	0
1879.7016	0.4994	0
1879.854	0.5016	0
1880.0064	0.5011	0
1880.1588	0.5	-0.1567607
1880.3112	0.4979	-1.038479
1880.4636	0.4975	-1.202538
1880.616	0.4957	-1.345385
1880.7684	0.4964	-1.51852
1880.9208	0.4951	-1.650741
1881.0732	0.4981	-1.633868
1881.2256	0.5005	-1.621473
1881.378	0.5055	-1.510076
1881.5304	0.5115	-1.416865
1881.6828	0.5095	-1.414759
1881.8352	0.5194	-1.464457
1881.9876	0.5246	-1.566862
1882.14	0.5249	-1.744341
1882.2924	0.5222	-1.85401
1882.4448	0.5212	-1.926428
1882.5972	0.5196	-1.961873
1882.7496	0.5142	-1.882165
1882.902	0.512	-1.841032
1883.0544	0.5072	-1.818598
1883.2068	0.5135	-1.800481
1883.3592	0.5141	-1.827317
1883.5116	0.5165	-1.8809
1883.664	0.5195	-1.877589
1883.8164	0.5157	-1.85774
1883.9688	0.5134	-1.894113
1884.1212	0.5069	-1.908033
1884.2736	0.509	-1.836802
1884.426	0.5038	-1.733182
1884.5784	0.497	-1.597546
1884.7308	0.4915	-1.416042
1884.8832	0.4879	-1.224006
1885.0356	0.4759	-1.174006
1885.188	0.4732	-1.088706
1885.3404	0.4722	-0.9904876
1885.4928	0.4728	-1.115094
1885.6452	0.4774	-1.300883
1885.7976	0.4844	-1.303625
1885.95	0.5095	-1.295571
1886.1024	0.5123	-1.362725
1886.2548	0.5071	-1.244247
1886.4072	0.4852	-1.097988
1886.5596	0.4762	-0.8553906
1886.712	0.4589	-0.5919069
1886.8644	0.4541	-0.3034523
1887.0168	0.4504	-0.07326307
1887.1692	0.4429	0.08713866
1887.3216	0.4381	0.1504587
1887.474	0.4347	0.1550156
1887.6264	0.4408	-9999
1887.7788	0.4253	-9999
1887.9312	0.4158	-9999
1888.0836	0.4094	-9999
1888.236	0.4002	-9999
1888.3884	0.3976	-9999
1888.5408	0.399	-9999
1888.6932	0.3979	-9999
1888.8456	0.3959	-9999
1888.998	0.3879	-9999
1889.1504	0.3872	-9999
1889.3028	0.3839	-9999
1889.4552	0.3782	-9999
1889.6076	0.3697	-9999
1889.76	0.3691	-9999
1889.9124	0.3828	-9999
1890.0648	0.3894	-9999
1890.2172	0.3859	-9999
1890.3696	0.3871	-9999
1890.522	0.3927	-9999
1890.6744	0.3889	-9999
1890.8268	0.3864	-9999
1890.9792	0.386	-9999
1891.1316	0.3809	-9999
1891.284	0.402	-9999
1891.4364	0.3991	-9999
1891.5888	0.3845	-9999
1891.7412	0.3708	-9999
1891.8936	0.3708	-9999
1892.046	0.3782	-9999
1892.1984	0.3959	-9999
1892.3508	0.3979	-9999
1892.5032	0.394	-9999
1892.6556	0.3812	-9999
1892.808	0.3798	-9999
1892.9604	0.3782	-9999
1893.1128	0.3908	-9999
1893.2652	0.3935	-9999
1893.4176	0.3966	-9999
1893.57	0.3994	-9999
1893.7224	0.3929	-9999
1893.8748	0.3891	-9999
1894.0272	0.392	-9999
1894.1796	0.3737	-9999
1894.332	0.3724	-9999
1894.4844	0.3802	-9999
1894.6368	0.3777	-9999
1894.7892	0.3846	-9999
1894.9416	0.3831	-9999
1895.094	0.3833	-9999
1895.2464	0.3837	-9999
1895.3988	0.3739	-9999
1895.5512	0.3629	-9999
1895.7036	0.3584	-9999
1895.856	0.3529	-9999
1896.0084	0.3651	-9999
1896.1608	0.3557	-9999
1896.3132	0.3537	-9999
1896.4656	0.3543	-9999
1896.618	0.3544	-9999
1896.7704	0.3556	-9999
1896.9228	0.3592	-9999
1897.0752	0.3563	-9999
1897.2276	0.3717	-9999
1897.38	0.3678	-9999
1897.5324	0.3589	-9999
1897.6848	0.3502	-9999
1897.8372	0.353	-9999
1897.9896	0.3499	-9999
1898.142	0.3518	-9999
1898.2944	0.3503	-9999
1898.4468	0.3476	-9999
1898.5992	0.3437	-9999
1898.7516	0.3502	-9999
1898.904	0.3592	-9999
1899.0564	0.3775	-9999
1899.2088	0.3768	-9999
1899.3612	0.3956	-9999
1899.5136	0.4092	-9999
1899.666	0.4322	-9999
1899.8184	0.4369	-9999
1899.9708	0.4682	-9999
1900.1232	0.4552	-9999
1900.2756	0.4681	-9999
1900.428	0.4532	-9999
1900.5804	0.4582	-9999
1900.7328	0.4667	-9999
1900.8852	0.4588	-9999
1901.0376	0.45	-9999
1901.19	0.4321	-9999
1901.3424	0.4199	-9999
1901.4948	0.4151	-9999
1901.6472	0.4235	-9999
1901.7996	0.4186	-9999
1901.952	0.4063	-9999
1902.1044	0.3799	-9999
1902.2568	0.3606	-9999
1902.4092	0.3557	-9999
1902.5616	0.3644	-9999
1902.714	0.3726	-9999
1902.8664	0.3865	-9999
1903.0188	0.3981	-9999
1903.1712	0.418	-9999
1903.3236	0.4517	-9999
1903.476	0.4693	-9999
1903.6284	0.5149	-9999
1903.7808	0.5729	-9999
1903.9332	0.5961	-9999
1904.0856	0.611	-9999
1904.238	0.6189	-9999
1904.3904	0.6186	-9999
1904.5428	0.6155	-9999
1904.6952	0.6054	-9999
1904.8476	0.6088	-9999
1905	0.5677	-9999
1905.1524	0.5692	-9999
1905.3048	0.5045	-9999
1905.4572	0.49	-9999
1905.6096	0.4503	-9999
1905.762	0.4008	-9999
1905.9144	0.3293	-9999
1906.0668	0.2901	-9999
1906.2192	0.2771	-9999
1906.3716	0.2759	-9999
1906.524	0.2769	-9999
1906.6764	0.2835	-9999
1906.8288	0.2964	-9999
1906.9812	0.3427	-9999
1907.1336	0.3473	-9999
1907.286	0.3533	-9999
1907.4384	0.3576	-9999
1907.5908	0.3556	-9999
1907.7432	0.3606	-9999
1907.8956	0.3651	-9999
1908.048	0.363	-9999
1908.2004	0.3635	-9999
1908.3528	0.3677	-9999
1908.5052	0.3823	-9999
1908.6576	0.3993	-9999
1908.81	0.4825	-9999
1908.9624	0.387	-9999
1909.1148	-9999	-9999
1909.2672	-9999	-9999
1909.4196	-9999	-9999
1909.572	-9999	-9999
1909.7244	-9999	-9999
1909.8768	-9999	-9999
1910.0292	-9999	-9999
1910.1816	-9999	-9999
1910.334	-9999	-9999
1910.4864	-9999	-9999
1910.6388	-9999	-9999
1910.7912	-9999	-9999
1910.9436	-9999	-9999
1911.096	-9999	-9999
1911.2484	-9999	-9999
1911.4008	-9999	-9999
1911.5532	-9999	-9999
1911.7056	-9999	-9999
1911.858	-9999	-9999
1912.0104	-9999	-9999
1912.1628	-9999	-9999
1912.3152	-9999	-9999
1912.4676	-9999	-9999
1912.62	-9999	-9999
1912.7724	-9999	-9999
1912.9248	-9999	-9999
1913.0772	-9999	-9999
1913.2296	-9999	-9999
1913.382	-9999	-9999
1913.5344	-9999	-9999
1913.6868	-9999	-9999
1913.8392	-9999	-9999
1913.9916	-9999	-9999
1914.144	-9999	-9999
1914.2964	-9999	-9999
1914.4488	-9999	-9999
1914.6012	-9999	-9999
1914.7536	-9999	-9999
1914.906	-9999	-9999
1915.0584	-9999	-9999
1915.2108	-9999	-9999
1915.3632	-9999	-9999
1915.5156	-9999	-9999
1915.668	-9999	-9999
1915.8204	-9999	-9999
1915.9728	-9999	-9999
1916.1252	-9999	-9999
1916.2776	-9999	-9999
1916.43	-9999	-9999
1916.5824	-9999	-9999
1916.7348	-9999	-9999
1916.8872	-9999	-9999
1917.0396	-9999	-9999
1917.192	-9999	-9999
1917.3444	-9999	-9999
1917.4968	-9999	-9999
1917.6492	-9999	-9999
1917.8016	-9999	-9999
1917.954	-9999	-9999
1918.1064	-9999	-9999
1918.2588	-9999	-9999
1918.4112	-9999	-9999
1918.5636	-9999	-9999
1918.716	-9999	-9999
1918.8684	-9999	-9999
1919.0208	-9999	-9999
1919.1732	-9999	-9999
1919.3256	-9999	-9999
1919.478	-9999	-9999
1919.6304	-9999	-9999
1919.7828	-9999	-9999
1919.9352	-9999	-9999
1920.0876	-9999	-9999
1920.24		-9999	-9999
1920.3924	-9999	-9999
1920.5448	-9999	-9999
1920.6972	-9999	-9999
1920.8496	-9999	-9999
1921.002	-9999	-9999
1921.1544	-9999	-9999
