深度        孔隙度     含水合物饱和度
1729.8924	-9999	-9999
1730.0448	-9999	-9999
1730.1972	-9999	-9999
1730.3496	-9999	-9999
1730.502	-9999	-9999
1730.6544	-9999	-9999
1730.8068	-9999	-9999
1730.9592	-9999	-9999
1731.1116	-9999	-9999
1731.264	-9999	-9999
1731.4164	-9999	-9999
1731.5688	-9999	-9999
1731.7212	-9999	-9999
1731.8736	-9999	-9999
1732.026	-9999	-9999
1732.1784	-9999	-9999
1732.3308	-9999	-9999
1732.4832	-9999	-9999
1732.6356	-9999	-9999
1732.788	-9999	-9999
1732.9404	-9999	-9999
1733.0928	-9999	-9999
1733.2452	-9999	-9999
1733.3976	-9999	-9999
1733.55	-9999	-9999
1733.7024	-9999	-9999
1733.8548	-9999	-9999
1734.0072	-9999	-9999
1734.1596	-9999	-9999
1734.312	-9999	-9999
1734.4644	-9999	-9999
1734.6168	-9999	-9999
1734.7692	-9999	-9999
1734.9216	-9999	-9999
1735.074	-9999	-9999
1735.2264	-9999	-9999
1735.3788	-9999	-9999
1735.5312	-9999	-9999
1735.6836	-9999	-9999
1735.836	-9999	-9999
1735.9884	-9999	-9999
1736.1408	-9999	-9999
1736.2932	-9999	-9999
1736.4456	-9999	-9999
1736.598	-9999	-9999
1736.7504	-9999	-9999
1736.9028	-9999	-9999
1737.0552	-9999	-9999
1737.2076	-9999	-9999
1737.36	-9999	-9999
1737.5124	-9999	-9999
1737.6648	-9999	-9999
1737.8172	-9999	-9999
1737.9696	-9999	-9999
1738.122	-9999	-9999
1738.2744	-9999	-9999
1738.4268	-9999	-9999
1738.5792	-9999	-9999
1738.7316	-9999	-9999
1738.884	-9999	-9999
1739.0364	-9999	-9999
1739.1888	-9999	-9999
1739.3412	-9999	-9999
1739.4936	-9999	-9999
1739.646	-9999	-9999
1739.7984	-9999	-9999
1739.9508	-9999	-9999
1740.1032	-9999	-9999
1740.2556	-9999	-9999
1740.408	-9999	-9999
1740.5604	-9999	-9999
1740.7128	-9999	-9999
1740.8652	-9999	-9999
1741.0176	-9999	-9999
1741.17	-9999	-9999
1741.3224	-9999	-9999
1741.4748	-9999	-9999
1741.6272	-9999	-9999
1741.7796	-9999	-9999
1741.932	-9999	-9999
1742.0844	-9999	-9999
1742.2368	-9999	-9999
1742.3892	-9999	-9999
1742.5416	-9999	-9999
1742.694	-9999	-9999
1742.8464	-9999	-9999
1742.9988	-9999	-9999
1743.1512	0.9061	-9999
1743.3036	0.9232	-9999
1743.456	0.9213	-9999
1743.6084	0.9174	-9999
1743.7608	0.9082	-9999
1743.9132	0.9028	-9999
1744.0656	0.8992	-9999
1744.218	0.8951	-9999
1744.3704	0.8049	-9999
1744.5228	0.7391	-9999
1744.6752	0.6847	-9999
1744.8276	0.6536	0
1744.98	0.6374	0
1745.1324	0.6244	0
1745.2848	0.616	0
1745.4372	0.6143	0
1745.5896	0.6204	0
1745.742	0.6257	0.0337
1745.8944	0.631	0.0269
1746.0468	0.6394	0.0397
1746.1992	0.6446	0.1175
1746.3516	0.6808	0.1929
1746.504	0.701	0.2457
1746.6564	0.7125	0.3301
1746.8088	0.7194	0.4539
1746.9612	0.7149	0.5984
1747.1136	0.7006	0.7028
1747.266	0.6749	0.6641
1747.4184	0.6373	0.4595
1747.5708	0.5992	0.3174
1747.7232	0.5713	0.1596
1747.8756	0.5734	0.1066
1748.028	0.5946	0.0786
1748.1804	0.5888	0.0744
1748.3328	0.5903	0.0883
1748.4852	0.5958	0.1039
1748.6376	0.5972	0.1114
1748.79	0.5923	0.1025
1748.9424	0.5847	0.1001
1749.0948	0.5825	0.0985
1749.2472	0.5831	0.0834
1749.3996	0.5901	0.0725
1749.552	0.5984	0.0682
1749.7044	0.6027	0.0647
1749.8568	0.6044	0.0603
1750.0092	0.6053	0.0655
1750.1616	0.6026	0.0682
1750.314	0.5965	0.0601
1750.4664	0.5905	0.0467
1750.6188	0.5869	0.0481
1750.7712	0.5848	0.0789
1750.9236	0.5843	0.0964
1751.076	0.5836	0.1009
1751.2284	0.5804	0.0992
1751.3808	0.5804	0.0951
1751.5332	0.5909	0.091
1751.6856	0.6005	0.1007
1751.838	0.6042	0.1282
1751.9904	0.6035	0.1396
1752.1428	0.6037	0.1321
1752.2952	0.6044	0.1246
1752.4476	0.6012	0.1158
1752.6	0.596	0.1078
1752.7524	0.5975	0.1005
1752.9048	0.6068	0.1061
1753.0572	0.6256	0.1713
1753.2096	0.6525	0.2491
1753.362	0.6619	0.3116
1753.5144	0.642	0.2204
1753.6668	0.6065	0.1336
1753.8192	0.5899	0.0868
1753.9716	0.594	0.0733
1754.124	0.5855	0.0651
1754.2764	0.5731	0.0462
1754.4288	0.5738	0.0343
1754.5812	0.5864	0.0638
1754.7336	0.5899	0.0414
1754.886	0.5803	0.0423
1755.0384	0.5782	0.0538
1755.1908	0.5931	0.0588
1755.3432	0.6029	0.0715
1755.4956	0.6058	0.0773
1755.648	0.6224	0.0727
1755.8004	0.6428	0.0913
1755.9528	0.6572	0.1064
1756.1052	0.6545	0.0908
1756.2576	0.6488	0.0636
1756.41	0.6521	0.0574
1756.5624	0.6663	0.0668
1756.7148	0.6771	0.0643
1756.8672	0.6843	0.0645
1757.0196	0.6803	0.037
1757.172	0.6657	0.0387
1757.3244	0.6489	0.0235
1757.4768	0.6327	0.0044
1757.6292	0.6307	0.0102
1757.7816	0.6373	0.0265
1757.934	0.6372	0
1758.0864	0.6421	0
1758.2388	0.6287	0.0224
1758.3912	0.6382	0.0235
1758.5436	0.648	0.0338
1758.696	0.6684	0.0567
1758.8484	0.6701	0.0518
1759.0008	0.6555	0.0376
1759.1532	0.6482	0.0228
1759.3056	0.6445	0
1759.458	0.6408	0
1759.6104	0.6157	0
1759.7628	0.5953	0
1759.9152	0.5841	0.0106
1760.0676	0.5781	0.0433
1760.22	0.5681	0.0449
1760.3724	0.5502	0.0301
1760.5248	0.548	0.0329
1760.6772	0.5472	0.0396
1760.8296	0.5521	0.0484
1760.982	0.5619	0.1119
1761.1344	0.5637	0.1264
1761.2868	0.5622	0.1408
1761.4392	0.5669	0.1334
1761.5916	0.5798	0.0964
1761.744	0.5929	0.0721
1761.8964	0.5898	0.1199
1762.0488	0.5725	0.156
1762.2012	0.5638	0.2263
1762.3536	0.5514	0.1918
1762.506	0.5435	0.1398
1762.6584	0.5401	0.1239
1762.8108	0.5352	0.1104
1762.9632	0.5289	0.1176
1763.1156	0.5333	0.1367
1763.268	0.558	0.1788
1763.4204	0.5802	0.1186
1763.5728	0.5869	0.0618
1763.7252	0.5792	0.1067
1763.8776	0.5725	0.1346
1764.03	0.5741	0.1392
1764.1824	0.5726	0.1372
1764.3348	0.5651	0.1231
1764.4872	0.559	0.1465
1764.6396	0.5544	0.1683
1764.792	0.5275	0.141
1764.9444	0.4914	0.1288
1765.0968	0.4699	0.1228
1765.2492	0.461	0.1106
1765.4016	0.4522	0.072
1765.554	0.4512	0.1196
1765.7064	0.4512	0.12
1765.8588	0.4516	0.0518
1766.0112	0.4498	0.0455
1766.1636	0.4484	0.0383
1766.316	0.447	0.0505
1766.4684	0.4466	0.0659
1766.6208	0.4475	0.0752
1766.7732	0.4416	0.072
1766.9256	0.4348	0.059
1767.078	0.4309	0.0566
1767.2304	0.4297	0.062
1767.3828	0.4236	0.0501
1767.5352	0.4185	0.0371
1767.6876	0.4189	0.0735
1767.84	0.4119	0.0845
1767.9924	0.407	0.1333
1768.1448	0.4066	0.1228
1768.2972	0.4063	0.1167
1768.4496	0.4122	0.092
1768.602	0.4176	0.076
1768.7544	0.4021	0.096
1768.9068	0.4006	0.1
1769.0592	0.3942	0.0639
1769.2116	0.3827	0.0107
1769.364	0.3834	0
1769.5164	0.3951	0.0117
1769.6688	0.4079	0.042
1769.8212	0.4226	0.0769
1769.9736	0.4382	0.1237
1770.126	0.446	0.1758
1770.2784	0.45	0.1869
1770.4308	0.446	0.1898
1770.5832	0.438	0.2014
1770.7356	0.4311	0.2114
1770.888	0.4205	0.1607
1771.0404	0.4151	0.0989
1771.1928	0.4016	0.0815
1771.3452	0.4012	0.0668
1771.4976	0.4097	0.1019
1771.65	0.4557	0.1464
1771.8024	0.4796	0.1782
1771.9548	0.49	0.2356
1772.1072	0.4861	0.2313
1772.2596	0.472	0.193
1772.412	0.4564	0.1669
1772.5644	0.446	0.1411
1772.7168	0.4379	0.1191
1772.8692	0.4347	0.0755
1773.0216	0.4346	0.0578
1773.174	0.4321	0.052
1773.3264	0.4243	0.032
1773.4788	0.4137	0.0004
1773.6312	0.4077	0
1773.7836	0.4064	0
1773.936	0.4014	0
1774.0884	0.3993	0
1774.2408	0.4007	0
1774.3932	0.4094	0
1774.5456	0.4189	0.0166
1774.698	0.4253	0.0607
1774.8504	0.4285	0.0767
1775.0028	0.4385	0.0971
1775.1552	0.4503	0.1041
1775.3076	0.459	0.1016
1775.46	0.4659	0.0939
1775.6124	0.472	0.0815
1775.7648	0.4803	0.086
1775.9172	0.4802	0.0739
1776.0696	0.4715	0.0787
1776.222	0.4623	0.0951
1776.3744	0.4601	0.1073
1776.5268	0.4598	0.0985
1776.6792	0.4584	0.0889
1776.8316	0.4527	0.0862
1776.984	0.4391	0.0834
1777.1364	0.423	0.0386
1777.2888	0.4134	0
1777.4412	0.41	0
1777.5936	0.4074	0
1777.746	0.4073	0.0015
1777.8984	0.408	0
1778.0508	0.4113	0
1778.2032	0.4102	0
1778.3556	0.4096	0
1778.508	0.4117	0
1778.6604	0.415	0
1778.8128	0.4223	0.0053
1778.9652	0.4295	0.0119
1779.1176	0.4352	0.0032
1779.27	0.4391	0
1779.4224	0.4372	0
1779.5748	0.4359	0.0195
1779.7272	0.4328	0.0038
1779.8796	0.428	0
1780.032	0.4231	0
1780.1844	0.4175	0
1780.3368	0.4121	0
1780.4892	0.4074	0
1780.6416	0.4077	0
1780.794	0.4127	0
1780.9464	0.4224	0
1781.0988	0.4307	0
1781.2512	0.4362	0
1781.4036	0.4397	0.0226
1781.556	0.4428	0.0013
1781.7084	0.442	0
1781.8608	0.4408	0
1782.0132	0.4431	0
1782.1656	0.4416	0.014
1782.318	0.445	0
1782.4704	0.4469	0
1782.6228	0.4507	0
1782.7752	0.4636	0.0482
1782.9276	0.4759	0.0086
1783.08	0.4779	0.025
1783.2324	0.4871	0.0192
1783.3848	0.4814	0.0053
1783.5372	0.4778	0.0123
1783.6896	0.478	0.0156
1783.842	0.4686	0
1783.9944	0.4669	0
1784.1468	0.4795	0
1784.2992	0.4868	0
1784.4516	0.4875	0
1784.604	0.4838	0.0103
1784.7564	0.4842	0.0281
1784.9088	0.4882	0.0488
1785.0612	0.4939	0.0398
1785.2136	0.5003	0.0287
1785.366	0.5097	0.0378
1785.5184	0.5373	0.0879
1785.6708	0.5471	0.1068
1785.8232	0.5452	0.1102
1785.9756	0.5398	0.0737
1786.128	0.5269	0.0341
1786.2804	0.5219	0.0326
1786.4328	0.5186	0.025
1786.5852	0.5144	0.0078
1786.7376	0.512	0
1786.89	0.5143	0
1787.0424	0.512	0
1787.1948	0.5125	0
1787.3472	0.5209	0.0315
1787.4996	0.5286	0.025
1787.652	0.5256	0.0197
1787.8044	0.532	0
1787.9568	0.5425	0.0173
1788.1092	0.537	0.0431
1788.2616	0.5371	0.0091
1788.414	0.5426	0.0015
1788.5664	0.5463	0
1788.7188	0.5473	0
1788.8712	0.5468	0
1789.0236	0.5475	0
1789.176	0.5439	0
1789.3284	0.5341	0
1789.4808	0.5266	0
1789.6332	0.517	0
1789.7856	0.515	0
1789.938	0.4985	0
1790.0904	0.4951	0
1790.2428	0.4991	0
1790.3952	0.5099	0
1790.5476	0.5252	0
1790.7	0.5377	0
1790.8524	0.5494	0
1791.0048	0.5501	0
1791.1572	0.5551	0
1791.3096	0.5581	0
1791.462	0.5665	0
1791.6144	0.5616	0
1791.7668	0.5523	0
1791.9192	0.5485	0.0538
1792.0716	0.6516	0.0186
1792.224	0.6404	0
1792.3764	0.6263	0
1792.5288	0.5671	0.1249
1792.6812	0.4047	0.0764
1792.8336	0.3563	0.0229
1792.986	0.3221	0.0057
1793.1384	0.2933	0
1793.2908	0.28	0
1793.4432	0.2607	0
1793.5956	0.261	0
1793.748	0.2833	0
1793.9004	0.32	0.0501
1794.0528	0.3477	0.1438
1794.2052	0.3604	0.1522
1794.3576	0.376	0.0643
1794.51	0.3971	0.031
1794.6624	0.402	0.1003
1794.8148	0.3968	0.1356
1794.9672	0.3941	0.1088
1795.1196	0.4074	0.0829
1795.272	0.4411	0.0484
1795.4244	0.4752	0
1795.5768	0.4875	0.0189
1795.7292	0.4972	0.0676
1795.8816	0.5006	0.0925
1796.034	0.488	0.1013
1796.1864	0.4982	0.076
1796.3388	0.5083	0.0572
1796.4912	0.518	0.0907
1796.6436	0.5285	0.1296
1796.796	0.5303	0.1387
1796.9484	0.5242	0.1201
1797.1008	0.5142	0.0886
1797.2532	0.4964	0.0497
1797.4056	0.4914	0.0019
1797.558	0.4914	0
1797.7104	0.4894	0
1797.8628	0.4876	0
1798.0152	0.4891	0
1798.1676	0.4931	0.0026
1798.32	0.4965	0
1798.4724	0.4998	0
1798.6248	0.5054	0
1798.7772	0.5148	0
1798.9296	0.5308	0
1799.082	0.5311	0.0401
1799.2344	0.5166	0.117
1799.3868	0.5258	0.1768
1799.5392	0.541	0.2261
1799.6916	0.5557	0.2669
1799.844	0.5717	0.2822
1799.9964	0.593	0.2652
1800.1488	0.6107	0.2399
1800.3012	0.6223	0.2416
1800.4536	0.6354	0.2758
1800.606	0.6472	0.3041
1800.7584	0.6521	0.3095
1800.9108	0.6501	0.2963
1801.0632	0.6443	0.3334
1801.2156	0.6316	0.4027
1801.368	0.6204	0.441
1801.5204	0.6138	0.4437
1801.6728	0.6082	0.4251
1801.8252	0.6025	0.4074
1801.9776	0.6034	0.4064
1802.13	0.6087	0.4044
1802.2824	0.6117	0.385
1802.4348	0.6142	0.3926
1802.5872	0.6231	0.4021
1802.7396	0.6297	0.3886
1802.892	0.6379	0.3842
1803.0444	0.6478	0.3887
1803.1968	0.6582	0.4016
1803.3492	0.6636	0.4244
1803.5016	0.6627	0.4247
1803.654	0.6513	0.3945
1803.8064	0.6427	0.3601
1803.9588	0.6356	0.338
1804.1112	0.6218	0.3246
1804.2636	0.609	0.3209
1804.416	0.6037	0.326
1804.5684	0.6043	0.3118
1804.7208	0.6128	0.2959
1804.8732	0.6286	0.3045
1805.0256	0.6509	0.3859
1805.178	0.6741	0.4975
1805.3304	0.6967	0.548
1805.4828	0.7156	0.64
1805.6352	0.7254	0.6073
1805.7876	0.716	0.5281
1805.94	0.6947	0.5375
1806.0924	0.6634	0.5423
1806.2448	0.6255	0.5072
1806.3972	0.5949	0.4771
1806.5496	0.5712	0.3732
1806.702	0.5568	0.3249
1806.8544	0.5518	0.3015
1807.0068	0.551	0.2899
1807.1592	0.547	0.3038
1807.3116	0.5465	0.2908
1807.464	0.5503	0.2825
1807.6164	0.54	0.2502
1807.7688	0.5254	0.2272
1807.9212	0.5197	0.2445
1808.0736	0.5146	0.2479
1808.226	0.5078	0.2338
1808.3784	0.5062	0.2374
1808.5308	0.5027	0.2112
1808.6832	0.5033	0.1905
1808.8356	0.5131	0.2202
1808.988	0.5217	0.2148
1809.1404	0.5273	0.2579
1809.2928	0.5327	0.3098
1809.4452	0.5416	0.3429
1809.5976	0.5469	0.3759
1809.75	0.541	0.4607
1809.9024	0.5223	0.3954
1810.0548	0.5047	0.2339
1810.2072	0.4878	0.2156
1810.3596	0.4768	0.2057
1810.512	0.4749	0.1789
1810.6644	0.4807	0.1726
1810.8168	0.4935	0.183
1810.9692	0.5197	0.2353
1811.1216	0.5492	0.2815
1811.274	0.5852	0.202
1811.4264	0.6133	0.2495
1811.5788	0.6211	0.284
1811.7312	0.607	0.281
1811.8836	0.5802	0.2615
1812.036	0.5468	0.2452
1812.1884	0.5152	0.2811
1812.3408	0.4878	0.242
1812.4932	0.471	0.1985
1812.6456	0.4689	0.1923
1812.798	0.4786	0.1994
1812.9504	0.4896	0.2196
1813.1028	0.494	0.2291
1813.2552	0.4865	0.215
1813.4076	0.4837	0.2017
1813.56	0.4775	0.1945
1813.7124	0.4687	0.185
1813.8648	0.4549	0.1677
1814.0172	0.4413	0.1694
1814.1696	0.4394	0.1694
1814.322	0.4406	0.1285
1814.4744	0.4378	0.0953
1814.6268	0.4364	0.0998
1814.7792	0.4397	0.1279
1814.9316	0.452	0.1644
1815.084	0.4704	0.259
1815.2364	0.4927	0.2587
1815.3888	0.524	0.1961
1815.5412	0.5495	0.1834
1815.6936	0.5606	0.1203
1815.846	0.5723	0.1495
1815.9984	0.5817	0.1682
1816.1508	0.5933	0.1753
1816.3032	0.6027	0.1722
1816.4556	0.5991	0.1594
1816.608	0.594	0.1472
1816.7604	0.6046	0.1984
1816.9128	0.6021	0.23
1817.0652	0.5944	0.277
1817.2176	0.5884	0.3202
1817.37	0.5702	0.2272
1817.5224	0.5551	0.1411
1817.6748	0.5403	0.1373
1817.8272	0.5202	0.1143
1817.9796	0.5075	0.1375
1818.132	0.4951	0.1383
1818.2844	0.4803	0.1586
1818.4368	0.4699	0.1579
1818.5892	0.4715	0.1644
1818.7416	0.4717	0.1628
1818.894	0.4631	0.1718
1819.0464	0.4564	0.152
1819.1988	0.4446	0.1274
1819.3512	0.4388	0.1064
1819.5036	0.4372	0.0936
1819.656	0.4365	0.0791
1819.8084	0.4332	0.0538
1819.9608	0.4248	0.052
1820.1132	0.4164	0.0651
1820.2656	0.402	0.0434
1820.418	0.395	0.0188
1820.5704	0.3952	0
1820.7228	0.3869	0
1820.8752	0.3806	0.0042
1821.0276	0.3812	0.0085
1821.18	0.3858	0.0227
1821.3324	0.3943	0
1821.4848	0.4015	0.0205
1821.6372	0.4076	0.0922
1821.7896	0.4119	0.0762
1821.942	0.4129	0.0464
1822.0944	0.4096	0.0503
1822.2468	0.4008	0.0529
1822.3992	0.3907	0.0579
1822.5516	0.3921	0.0699
1822.704	0.3989	0.1244
1822.8564	0.4032	0.1229
1823.0088	0.4149	0.1346
1823.1612	0.4259	0.117
1823.3136	0.4384	0.1043
1823.466	0.4548	0.1076
1823.6184	0.4695	0.1192
1823.7708	0.4603	0.2012
1823.9232	0.45	0.2209
1824.0756	0.4364	0.1813
1824.228	0.4342	0.1537
1824.3804	0.4336	0.107
1824.5328	0.4254	0.0543
1824.6852	0.4124	0.0851
1824.8376	0.4018	0.0932
1824.99	0.3956	0.0303
1825.1424	0.3889	0.0364
1825.2948	0.3947	0.0646
1825.4472	0.4095	0.1676
1825.5996	0.4169	0.1574
1825.752	0.4214	0.1933
1825.9044	0.426	0.2471
1826.0568	0.4325	0.2041
1826.2092	0.4434	0.1971
1826.3616	0.467	0.2053
1826.514	0.4971	0.2333
1826.6664	0.5341	0.1404
1826.8188	0.556	0.1243
1826.9712	0.5774	0.1027
1827.1236	0.588	0.1616
1827.276	0.5925	0.2031
1827.4284	0.6003	0.1612
1827.5808	0.5992	0.1567
1827.7332	0.598	0.1521
1827.8856	0.5987	0.1492
1828.038	0.5941	0.132
1828.1904	0.5648	0.1913
1828.3428	0.5384	0.227
1828.4952	0.5227	0.1384
1828.6476	0.5152	0.113
1828.8	0.5048	0.0834
1828.9524	0.5015	0.0468
1829.1048	0.5146	0.0479
1829.2572	0.5225	0.0466
1829.4096	0.5145	0.0615
1829.562	0.5272	0.0907
1829.7144	0.5413	0.1142
1829.8668	0.5401	0.1425
1830.0192	0.5377	0.1683
1830.1716	0.5356	0.1517
1830.324	0.5399	0.1331
1830.4764	0.5483	0.1097
1830.6288	0.5534	0.0957
1830.7812	0.5571	0.0947
1830.9336	0.5579	0.1351
1831.086	0.563	0.152
1831.2384	0.5688	0.1765
1831.3908	0.5732	0.1683
1831.5432	0.5725	0.1547
1831.6956	0.5653	0.1411
1831.848	0.5543	0.1461
1832.0004	0.5453	0.1816
1832.1528	0.5354	0.1592
1832.3052	0.5173	0.1237
1832.4576	0.5011	0.1685
1832.61	0.4902	0.1973
1832.7624	0.4798	0.2535
1832.9148	0.476	0.1649
1833.0672	0.479	0.1593
1833.2196	0.4767	0.1468
1833.372	0.4737	0.1842
1833.5244	0.4671	0.1745
1833.6768	0.4625	0.1683
1833.8292	0.4612	0.1887
1833.9816	0.4576	0.2003
1834.134	0.4512	0.1663
1834.2864	0.4436	0.1447
1834.4388	0.4358	0.1223
1834.5912	0.4263	0.1283
1834.7436	0.4176	0.1049
1834.896	0.4124	0.09
1835.0484	0.4148	0.0927
1835.2008	0.4197	0.0835
1835.3532	0.4248	0.0528
1835.5056	0.4329	0.0977
1835.658	0.4464	0.1518
1835.8104	0.4697	0.2301
1835.9628	0.4923	0.3085
1836.1152	0.5052	0.3262
1836.2676	0.5028	0.3369
1836.42	0.4902	0.3362
1836.5724	0.4821	0.3389
1836.7248	0.4774	0.3039
1836.8772	0.4751	0.2671
1837.0296	0.467	0.2375
1837.182	0.4568	0.2155
1837.3344	0.4455	0.1968
1837.4868	0.4327	0.2205
1837.6392	0.4241	0.1894
1837.7916	0.4234	0.1692
1837.944	0.4235	0.1197
1838.0964	0.427	0.1263
1838.2488	0.4398	0.1372
1838.4012	0.4354	0.2104
1838.5536	0.4372	0.2095
1838.706	0.4427	0.1999
1838.8584	0.4433	0.2234
1839.0108	0.4406	0.2255
1839.1632	0.4344	0.2176
1839.3156	0.4309	0.1977
1839.468	0.4313	0.1664
1839.6204	0.4309	0.1168
1839.7728	0.4254	0.1609
1839.9252	0.4126	0.1432
1840.0776	0.3998	0.1278
1840.23	0.3945	0.1227
1840.3824	0.395	0.0725
1840.5348	0.3999	0.0495
1840.6872	0.4087	0.0618
1840.8396	0.4174	0.0719
1840.992	0.4283	0.1519
1841.1444	0.4371	0.2093
1841.2968	0.4394	0.2415
1841.4492	0.4525	0.2288
1841.6016	0.4703	0.2277
1841.754	0.4936	0.2714
1841.9064	0.522	0.3171
1842.0588	0.5396	0.3973
1842.2112	0.5364	0.4415
1842.3636	0.5319	0.4066
1842.516	0.5285	0.3965
1842.6684	0.5265	0.382
1842.8208	0.5304	0.414
1842.9732	0.5303	0.4456
1843.1256	0.5214	0.4043
1843.278	0.5171	0.3949
1843.4304	0.5182	0.3827
1843.5828	0.5138	0.3901
1843.7352	0.5025	0.3949
1843.8876	0.484	0.3889
1844.04	0.4611	0.332
1844.1924	0.4522	0.2886
1844.3448	0.4532	0.2603
1844.4972	0.4555	0.2414
1844.6496	0.4584	0.2181
1844.802	0.4702	0.2426
1844.9544	0.4874	0.2758
1845.1068	0.5031	0.3054
1845.2592	0.5151	0.381
1845.4116	0.53	0.4243
1845.564	0.545	0.4607
1845.7164	0.5605	0.4973
1845.8688	0.5609	0.5323
1846.0212	0.5462	0.4851
1846.1736	0.5389	0.4501
1846.326	0.5411	0.4375
1846.4784	0.5497	0.4374
1846.6308	0.5609	0.4111
1846.7832	0.5748	0.4347
1846.9356	0.5775	0.4588
1847.088	0.5713	0.4773
1847.2404	0.5571	0.4914
1847.3928	0.5355	0.4662
1847.5452	0.5161	0.4242
1847.6976	0.5031	0.383
1847.85	0.4913	0.34
1848.0024	0.4796	0.2886
1848.1548	0.4773	0.2502
1848.3072	0.4779	0.2202
1848.4596	0.4714	0.1913
1848.612	0.4566	0.1694
1848.7644	0.4501	0.1697
1848.9168	0.4489	0.1739
1849.0692	0.4463	0.1795
1849.2216	0.4383	0.1732
1849.374	0.433	0.1618
1849.5264	0.4255	0.1575
1849.6788	0.4176	0.161
1849.8312	0.4054	0.1543
1849.9836	0.3991	0.1358
1850.136	0.4042	0.1182
1850.2884	0.4066	0.1178
1850.4408	0.408	0.1505
1850.5932	0.4137	0.1806
1850.7456	0.4251	0.1779
1850.898	0.4376	0.1701
1851.0504	0.4474	0.1811
1851.2028	0.4488	0.2076
1851.3552	0.4488	0.1727
1851.5076	0.4495	0.1405
1851.66	0.4474	0.1604
1851.8124	0.4473	0.1849
1851.9648	0.4492	0.2074
1852.1172	0.4493	0.2125
1852.2696	0.4432	0.1953
1852.422	0.4424	0.169
1852.5744	0.4473	0.1529
1852.7268	0.4374	0.1719
1852.8792	0.431	0.1968
1853.0316	0.4304	0.1862
1853.184	0.4305	0.1713
1853.3364	0.4269	0.1487
1853.4888	0.4265	0.1351
1853.6412	0.4295	0.1444
1853.7936	0.4378	0.1715
1853.946	0.4428	0.1871
1854.0984	0.4464	0.1764
1854.2508	0.4466	0.1907
1854.4032	0.4454	0.2227
1854.5556	0.4516	0.2258
1854.708	0.4649	0.2346
1854.8604	0.4684	0.2373
1855.0128	0.4635	0.2361
1855.1652	0.4486	0.2145
1855.3176	0.4363	0.197
1855.47	0.431	0.1716
1855.6224	0.4286	0.1473
1855.7748	0.4302	0.1337
1855.9272	0.4314	0.1333
1856.0796	0.4303	0.1258
1856.232	0.4303	0.123
1856.3844	0.4313	0.1236
1856.5368	0.429	0.1083
1856.6892	0.4271	0.0911
1856.8416	0.4252	0.0811
1856.994	0.4207	0.0718
1857.1464	0.4138	0.059
1857.2988	0.4079	0.0478
1857.4512	0.3949	0.0592
1857.6036	0.3874	0.0483
1857.756	0.3787	0.0218
1857.9084	0.3769	0.0602
1858.0608	0.3771	0.0589
1858.2132	0.3797	0.0188
1858.3656	0.3883	0.0065
1858.518	0.3983	0.0165
1858.6704	0.4047	0.0386
1858.8228	0.411	0.0717
1858.9752	0.4179	0.0796
1859.1276	0.4234	0.0735
1859.28	0.4229	0.0734
1859.4324	0.4213	0.0808
1859.5848	0.4172	0.096
1859.7372	0.4163	0.1145
1859.8896	0.4251	0.1317
1860.042	0.4381	0.1434
1860.1944	0.4401	0.153
1860.3468	0.4361	0.1643
1860.4992	0.4312	0.1602
1860.6516	0.4335	0.1429
1860.804	0.4332	0.1276
1860.9564	0.439	0.1211
1861.1088	0.4493	0.1232
1861.2612	0.459	0.1258
1861.4136	0.4643	0.131
1861.566	0.4644	0.1489
1861.7184	0.46	0.1792
1861.8708	0.455	0.1999
1862.0232	0.4516	0.197
1862.1756	0.4487	0.1853
1862.328	0.4505	0.1755
1862.4804	0.4478	0.1569
1862.6328	0.4414	0.1241
1862.7852	0.4355	0.1006
1862.9376	0.4236	0.0837
1863.09	0.4142	0.064
1863.2424	0.4116	0.0666
1863.3948	0.4075	0.0699
1863.5472	0.4063	0.0855
1863.6996	0.408	0.1049
1863.852	0.4134	0.126
1864.0044	0.418	0.1436
1864.1568	0.4181	0.1463
1864.3092	0.4177	0.1367
1864.4616	0.42	0.1281
1864.614	0.4271	0.1412
1864.7664	0.4366	0.1704
1864.9188	0.4379	0.1785
1865.0712	0.4276	0.1672
1865.2236	0.4159	0.1424
1865.376	0.4121	0.1036
1865.5284	0.4143	0.059
1865.6808	0.4137	0.0089
1865.8332	0.4159	0
1865.9856	0.4197	0.0297
1866.138	0.4274	0.0238
1866.2904	0.4319	0
1866.4428	0.4373	0
1866.5952	0.4456	0
1866.7476	0.4526	0
1866.9	0.4588	0
1867.0524	0.4673	0
1867.2048	0.4743	0.0077
1867.3572	0.4802	0.0101
1867.5096	0.4842	0
1867.662	0.4818	0.0032
1867.8144	0.4783	0.0273
1867.9668	0.4744	0.0317
1868.1192	0.4794	0.0914
1868.2716	0.4942	0.1501
1868.424	0.5101	0.1775
1868.5764	0.5222	0.1902
1868.7288	0.521	0.185
1868.8812	0.5132	0.1712
1869.0336	0.5078	0.1676
1869.186	0.4965	0.1587
1869.3384	0.4798	0.1383
1869.4908	0.4731	0.1486
1869.6432	0.469	0.1531
1869.7956	0.4707	0.1441
1869.948	0.4749	0.1414
1870.1004	0.478	0.1545
1870.2528	0.482	0.1809
1870.4052	0.4854	0.1972
1870.5576	0.4954	0.1958
1870.71	0.5088	0.2175
1870.8624	0.5148	0.2572
1871.0148	0.5206	0.2814
1871.1672	0.5228	0.2864
1871.3196	0.5199	0.2757
1871.472	0.5188	0.2612
1871.6244	0.5111	0.2564
1871.7768	0.4979	0.2573
1871.9292	0.4824	0.2495
1872.0816	0.4693	0.2481
1872.234	0.4571	0.2644
1872.3864	0.4421	0.2694
1872.5388	0.438	0.2608
1872.6912	0.4441	0.2586
1872.8436	0.449	0.2507
1872.996	0.4524	0.2009
1873.1484	0.4488	0.1807
1873.3008	0.4539	0.2053
1873.4532	0.4691	0.2142
1873.6056	0.4706	0.2219
1873.758	0.4639	0.2112
1873.9104	0.4641	0.1973
1874.0628	0.4649	0.1668
1874.2152	0.4685	0.1635
1874.3676	0.4741	0.1948
1874.52	0.4841	0.2714
1874.6724	0.5021	0.3602
1874.8248	0.5218	0.4279
1874.9772	0.5284	0.4302
1875.1296	0.5235	0.3842
1875.282	0.5194	0.3485
1875.4344	0.5182	0.3041
1875.5868	0.5117	0.2715
1875.7392	0.5004	0.2514
1875.8916	0.4898	0.2323
1876.044	0.4875	0.2178
1876.1964	0.4918	0.2094
1876.3488	0.4951	0.1977
1876.5012	0.5012	0.2007
1876.6536	0.4988	0.2438
1876.806	0.4957	0.2787
1876.9584	0.5057	0.279
1877.1108	0.506	0.2877
1877.2632	0.5105	0.3158
1877.4156	0.5148	0.329
1877.568	0.5144	0.3236
1877.7204	0.517	0.3183
1877.8728	0.5268	0.3411
1878.0252	0.5422	0.3998
1878.1776	0.5559	0.4851
1878.33	0.5577	0.5637
1878.4824	0.5458	0.5921
1878.6348	0.5378	0.56
1878.7872	0.5327	0.4899
1878.9396	0.5264	0.3835
1879.092	0.5313	0.2937
1879.2444	0.5325	0.3108
1879.3968	0.5187	0.3126
1879.5492	0.5129	0.3411
1879.7016	0.5156	0.3837
1879.854	0.5207	0.3574
1880.0064	0.5226	0.3065
1880.1588	0.5256	0.2814
1880.3112	0.5305	0.2965
1880.4636	0.5282	0.3179
1880.616	0.5256	0.3178
1880.7684	0.5229	0.3306
1880.9208	0.521	0.3487
1881.0732	0.5236	0.3587
1881.2256	0.534	0.3642
1881.378	0.5525	0.3754
1881.5304	0.5594	0.3911
1881.6828	0.5565	0.3987
1881.8352	0.5468	0.4038
1881.9876	0.5443	0.416
1882.14	0.5407	0.4087
1882.2924	0.5271	0.3989
1882.4448	0.5148	0.4191
1882.5972	0.5095	0.4412
1882.7496	0.5066	0.412
1882.902	0.505	0.3813
1883.0544	0.5004	0.4343
1883.2068	0.5003	0.4264
1883.3592	0.5074	0.417
1883.5116	0.5126	0.3923
1883.664	0.5115	0.3685
1883.8164	0.5281	0.3742
1883.9688	0.5312	0.367
1884.1212	0.5424	0.386
1884.2736	0.5565	0.4122
1884.426	0.5581	0.4145
1884.5784	0.5476	0.4026
1884.7308	0.5327	0.3757
1884.8832	0.519	0.3576
1885.0356	0.5088	0.3249
1885.188	0.5015	0.2526
1885.3404	0.4978	0.223
1885.4928	0.4978	0.2216
1885.6452	0.5001	0.2501
1885.7976	0.5005	0.2945
1885.95	0.5019	0.2558
1886.1024	0.5073	0.2702
1886.2548	0.5128	0.2924
1886.4072	0.5112	0.3054
1886.5596	0.5024	0.3123
1886.712	0.4927	0.2895
1886.8644	0.4873	0.2643
1887.0168	0.4855	0.2588
1887.1692	0.4875	0.2608
1887.3216	0.4952	0.2743
1887.474	0.4989	0.2773
1887.6264	0.4977	0.2935
1887.7788	0.4892	0.2919
1887.9312	0.4798	0.2865
1888.0836	0.4623	0.2374
1888.236	0.4214	0.1682
1888.3884	0.3813	0.276
1888.5408	0.3569	0.3322
1888.6932	0.3383	0.4747
1888.8456	0.3037	0.4699
1888.998	0.2853	0.48
1889.1504	0.2876	0.4191
1889.3028	0.3014	0.3962
1889.4552	0.3202	0.377
1889.6076	0.3355	0.3921
1889.76	0.3513	0.3663
1889.9124	0.3874	0.2698
1890.0648	0.4045	0.2059
1890.2172	0.4215	0.2149
1890.3696	0.4371	0.2125
1890.522	0.4379	0.1932
1890.6744	0.439	0.1851
1890.8268	0.4589	0.178
1890.9792	0.4584	0.1561
1891.1316	0.4555	0.1332
1891.284	0.4529	0.1235
1891.4364	0.4455	0.1222
1891.5888	0.4431	0.1733
1891.7412	0.4477	0.2298
1891.8936	0.4538	0.258
1892.046	0.4606	0.2563
1892.1984	0.4741	0.2391
1892.3508	0.4973	0.2617
1892.5032	0.5217	0.3018
1892.6556	0.5385	0.3336
1892.808	0.5391	0.3486
1892.9604	0.5274	0.337
1893.1128	0.5096	0.3049
1893.2652	0.4823	0.315
1893.4176	0.4668	0.3565
1893.57	0.4678	0.402
1893.7224	0.4728	0.4215
1893.8748	0.4777	0.4181
1894.0272	0.4886	0.429
1894.1796	0.4969	0.4279
1894.332	0.5002	0.4166
1894.4844	0.5065	0.4076
1894.6368	0.511	0.411
1894.7892	0.5074	0.4382
1894.9416	0.4952	0.447
1895.094	0.4774	0.4313
1895.2464	0.4727	0.4062
1895.3988	0.4767	0.3754
1895.5512	0.4894	0.3821
1895.7036	0.5022	0.4258
1895.856	0.5394	0.4627
1896.0084	0.5711	0.4875
1896.1608	0.5887	0.532
1896.3132	0.6047	0.572
1896.4656	0.6136	0.6064
1896.618	0.6079	0.5501
1896.7704	0.5936	0.4963
1896.9228	0.5773	0.4739
1897.0752	0.5556	0.4441
1897.2276	0.5354	0.4044
1897.38	0.5182	0.3487
1897.5324	0.5078	0.3197
1897.6848	0.5039	0.3252
1897.8372	0.5026	0.3205
1897.9896	0.4984	0.3044
1898.142	0.4878	0.2971
1898.2944	0.483	0.2975
1898.4468	0.4822	0.2968
1898.5992	0.4843	0.308
1898.7516	0.4863	0.3199
1898.904	0.4876	0.324
1899.0564	0.4873	0.3141
1899.2088	0.4902	0.3049
1899.3612	0.4933	0.3118
1899.5136	0.4963	0.3322
1899.666	0.4987	0.3363
1899.8184	0.4977	0.3008
1899.9708	0.5001	0.269
1900.1232	0.5072	0.2476
1900.2756	0.5145	0.2374
1900.428	0.5163	0.2491
1900.5804	0.513	0.2632
1900.7328	0.5059	0.2729
1900.8852	0.5094	0.2897
1901.0376	0.5088	0.2898
1901.19	0.5014	0.2859
1901.3424	0.484	0.2637
1901.4948	0.4725	0.2408
1901.6472	0.4652	0.2353
1901.7996	0.4659	0.2357
1901.952	0.4772	0.2313
1902.1044	0.4948	0.246
1902.2568	0.5015	0.2749
1902.4092	0.5025	0.286
1902.5616	0.5071	0.2913
1902.714	0.5133	0.2975
1902.8664	0.5158	0.2909
1903.0188	0.5131	0.2692
1903.1712	0.5093	0.2537
1903.3236	0.5161	0.2513
1903.476	0.5256	0.2541
1903.6284	0.5294	0.2625
1903.7808	0.5271	0.2665
1903.9332	0.5292	0.2651
1904.0856	0.5287	0.2603
1904.238	0.5259	0.2449
1904.3904	0.5214	0.2345
1904.5428	0.5245	0.2528
1904.6952	0.5283	0.2675
1904.8476	0.5215	0.2679
1905	0.5174	0.2558
1905.1524	0.526	0.236
1905.3048	0.5361	0.2089
1905.4572	0.5332	0.1869
1905.6096	0.5247	0.1776
1905.762	0.5135	0.1509
1905.9144	0.4978	0.1191
1906.0668	0.4872	0.0942
1906.2192	0.4845	0.1193
1906.3716	0.4839	0.1382
1906.524	0.4907	0.1658
1906.6764	0.4963	0.1951
1906.8288	0.5013	0.2235
1906.9812	0.5109	0.2584
1907.1336	0.5246	0.2927
1907.286	0.5338	0.3036
1907.4384	0.5391	0.3135
1907.5908	0.5383	0.3115
1907.7432	0.5353	0.3048
1907.8956	0.5298	0.2886
1908.048	0.5227	0.2675
1908.2004	0.5087	0.242
1908.3528	0.5008	0.2125
1908.5052	0.481	0.1755
1908.6576	0.4771	0.1984
1908.81	0.4745	0.1896
1908.9624	0.4727	0.1864
1909.1148	0.4743	0.1506
1909.2672	0.4778	0.0766
1909.4196	0.4849	0.0944
1909.572	0.4903	0.1383
1909.7244	0.4923	0.1573
1909.8768	0.4883	0.1669
1910.0292	0.4854	0.1122
1910.1816	0.4868	0.1172
1910.334	0.4935	0.127
1910.4864	0.501	0.1373
1910.6388	0.5112	0.1515
1910.7912	0.524	0.1681
1910.9436	0.5247	0.1817
1911.096	0.5172	0.1801
1911.2484	0.5108	0.1869
1911.4008	0.5081	0.1757
1911.5532	0.5072	0.1548
1911.7056	0.5007	0.1362
1911.858	0.4963	0.1416
1912.0104	0.4919	0.1541
1912.1628	0.4875	0.1825
1912.3152	0.4987	0.1341
1912.4676	0.5257	0.118
1912.62	0.5349	0.1046
1912.7724	0.5348	0.1001
1912.9248	0.54	0.1439
1913.0772	0.5444	0.1641
1913.2296	0.5365	0.1667
1913.382	0.5394	0.1555
1913.5344	0.5296	0.1603
1913.6868	0.5227	0.1623
1913.8392	0.501	0.125
1913.9916	0.476	0.0569
1914.144	0.4614	0.005
1914.2964	0.466	0.0112
1914.4488	0.4936	0.1161
1914.6012	0.5241	0.1809
1914.7536	0.5166	0.1626
1914.906	0.499	0.154
1915.0584	0.4783	0.1004
1915.2108	0.4891	-9999
1915.3632	0.5052	-9999
1915.5156	0.4963	-9999
1915.668	0.4757	-9999
1915.8204	0.4632	-9999
1915.9728	0.4668	-9999
1916.1252	0.4725	-9999
1916.2776	0.4676	-9999
1916.43	0.4422	-9999
1916.5824	0.4261	-9999
1916.7348	0.4286	-9999
1916.8872	0.4298	-9999
1917.0396	0.424	-9999
1917.192	0.4217	-9999
1917.3444	0.4246	-9999
1917.4968	0.4287	-9999
1917.6492	0.4286	-9999
1917.8016	0.428	-9999
1917.954	0.4285	-9999
1918.1064	0.4304	-9999
1918.2588	0.4317	-9999
1918.4112	0.4267	-9999
1918.5636	0.4117	-9999
1918.716	0.4033	-9999
1918.8684	0.4023	-9999
1919.0208	0.3991	-9999
1919.1732	0.3893	-9999
1919.3256	0.3901	-9999
1919.478	0.4034	-9999
1919.6304	0.4062	-9999
1919.7828	0.3868	-9999
1919.9352	0.3842	-9999
1920.0876	0.3905	-9999
1920.24	0.4091	-9999
1920.3924	0.4127	-9999
1920.5448	0.4078	-9999
1920.6972	0.4037	-9999
1920.8496	0.4091	-9999
1921.002	0.4117	-9999
1921.1544	0.4062	-9999
1921.3068	0.4023	-9999
1921.4592	0.4009	-9999
1921.6116	0.3996	-9999
1921.764	0.3991	-9999
1921.9164	0.3993	-9999
1922.0688	0.4019	-9999
1922.2212	0.4043	-9999
1922.3736	0.4087	-9999
1922.526	0.4114	-9999
1922.6784	0.4171	-9999
1922.8308	0.4155	-9999
1922.9832	0.4131	-9999
1923.1356	0.4101	-9999
1923.288	0.4066	-9999
1923.4404	0.4031	-9999
1923.5928	0.4028	-9999
1923.7452	0.4073	-9999
1923.8976	0.4117	-9999
1924.05	0.4179	-9999
1924.2024	0.422	-9999
1924.3548	0.4217	-9999
1924.5072	0.4238	-9999
1924.6596	0.4297	-9999
1924.812	0.4361	-9999
1924.9644	0.4428	-9999
1925.1168	0.4545	-9999
1925.2692	0.4642	-9999
1925.4216	0.4615	-9999
1925.574	0.4609	-9999
1925.7264	0.4709	-9999
1925.8788	0.4764	-9999
1926.0312	0.4776	-9999
1926.1836	0.4726	-9999
1926.336	0.4612	-9999
1926.4884	0.4509	-9999
1926.6408	0.4428	-9999
1926.7932	0.4304	-9999
1926.9456	0.4239	-9999
1927.098	0.4162	-9999
1927.2504	0.4112	-9999
1927.4028	0.4119	-9999
1927.5552	0.4068	-9999
1927.7076	0.3939	-9999
1927.86	0.3812	-9999
1928.0124	0.3668	-9999
1928.1648	0.3513	-9999
1928.3172	0.3544	-9999
1928.4696	0.3682	-9999
1928.622	0.3822	-9999
1928.7744	0.396	-9999
1928.9268	0.4192	-9999
1929.0792	0.4298	-9999
1929.2316	0.4305	-9999
1929.384	0.4274	-9999
1929.5364	0.4295	-9999
1929.6888	0.4404	-9999
1929.8412	0.4552	-9999
1929.9936	0.4568	-9999
1930.146	0.4659	-9999
1930.2984	0.4721	-9999
1930.4508	0.4589	-9999
1930.6032	0.4511	-9999
1930.7556	0.4455	-9999
1930.908	0.4285	-9999
1931.0604	0.4218	-9999
1931.2128	0.4251	-9999
1931.3652	0.4473	-9999
1931.5176	0.4714	-9999
1931.67	0.4698	-9999
1931.8224	0.4476	-9999
1931.9748	0.4398	-9999
1932.1272	0.4459	-9999
1932.2796	0.4388	-9999
1932.432	0.4301	-9999
1932.5844	0.4211	-9999
1932.7368	0.4109	-9999
1932.8892	0.3994	-9999
1933.0416	0.3874	-9999
1933.194	0.3828	-9999
1933.3464	0.3904	-9999
1933.4988	0.4144	-9999
1933.6512	0.4454	-9999
1933.8036	0.47	-9999
1933.956	0.4874	-9999
1934.1084	0.5059	-9999
1934.2608	0.5192	-9999
1934.4132	0.5218	-9999
1934.5656	0.5184	-9999
1934.718	0.5194	-9999
1934.8704	0.5221	-9999
1935.0228	0.5136	-9999
1935.1752	0.5106	-9999
1935.3276	0.4999	-9999
1935.48	0.4973	-9999
1935.6324	0.5012	-9999
1935.7848	0.496	-9999
1935.9372	0.4961	-9999
1936.0896	0.504	-9999
1936.242	0.491	-9999
1936.3944	0.4847	-9999
1936.5468	0.4793	-9999
1936.6992	0.478	-9999
1936.8516	0.4743	-9999
1937.004	0.4741	-9999
1937.1564	0.4813	-9999
1937.3088	0.4836	-9999
1937.4612	0.4844	-9999
1937.6136	0.4889	-9999
1937.766	0.4966	-9999
1937.9184	0.5024	-9999
1938.0708	0.4984	-9999
1938.2232	-9999	-9999
1938.3756	-9999	-9999
1938.528	-9999	-9999
1938.6804	-9999	-9999
1938.8328	-9999	-9999
1938.9852	-9999	-9999
1939.1376	-9999	-9999
1939.29	-9999	-9999
1939.4424	-9999	-9999
1939.5948	-9999	-9999
1939.7472	-9999	-9999
1939.8996	-9999	-9999
1940.052	-9999	-9999
1940.2044	-9999	-9999
1940.3568	-9999	-9999
1940.5092	-9999	-9999
1940.6616	-9999	-9999
1940.814	-9999	-9999
1940.9664	-9999	-9999
1941.1188	-9999	-9999
1941.2712	-9999	-9999
1941.4236	-9999	-9999
1941.576	-9999	-9999
1941.7284	-9999	-9999
1941.8808	-9999	-9999
1942.0332	-9999	-9999
1942.1856	-9999	-9999
1942.338	-9999	-9999
1942.4904	-9999	-9999
1942.6428	-9999	-9999
1942.7952	-9999	-9999
1942.9476	-9999	-9999
1943.1	-9999	-9999
1943.2524	-9999	-9999
1943.4048	-9999	-9999
1943.5572	-9999	-9999
1943.7096	-9999	-9999
1943.862	-9999	-9999
1944.0144	-9999	-9999
1944.1668	-9999	-9999
1944.3192	-9999	-9999
1944.4716	-9999	-9999
1944.624	-9999	-9999
1944.7764	-9999	-9999
1944.9288	-9999	-9999
1945.0812	-9999	-9999
1945.2336	-9999	-9999
1945.386	-9999	-9999
1945.5384	-9999	-9999
1945.6908	-9999	-9999
1945.8432	-9999	-9999
1945.9956	-9999	-9999
1946.148	-9999	-9999
1946.3004	-9999	-9999
1946.4528	-9999	-9999
1946.6052	-9999	-9999
1946.7576	-9999	-9999
1946.91	-9999	-9999
1947.0624	-9999	-9999
1947.2148	-9999	-9999
1947.3672	-9999	-9999
1947.5196	-9999	-9999
1947.672	-9999	-9999
