深度        孔隙度     含水合物饱和度
1738	-9999	-9999
1738.1	-9999	-9999
1738.2	-9999	-9999
1738.3	-9999	-9999
1738.4	-9999	-9999
1738.5	-9999	-9999
1738.6	-9999	-9999
1738.7	-9999	-9999
1738.8	-9999	-9999
1738.9	-9999	-9999
1739	-9999	0
1739.1	-9999	0
1739.2	-9999	0
1739.3	-9999	0
1739.4	-9999	0
1739.5	-9999	0
1739.6	-9999	0
1739.7	-9999	0
1739.8	-9999	0
1739.9	-9999	0
1740	0.7647978	0
1740.1	0.7541445	0
1740.2	0.749904	0
1740.3	0.749478	0
1740.4	0.753563	0
1740.5	0.7390621	0
1740.6	0.7264425	0
1740.7	0.7191575	0
1740.8	0.7135873	0
1740.9	0.7086756	0
1741	0.7045262	0
1741.1	0.698536	0
1741.2	0.6922414	0
1741.3	0.6861538	0
1741.4	0.6844417	0
1741.5	0.6830592	0
1741.6	0.6789061	0
1741.7	0.6766975	0
1741.8	0.6765872	0
1741.9	0.6818301	0
1742	0.6802877	0
1742.1	0.6764477	0
1742.2	0.6774525	0
1742.3	0.6745175	0
1742.4	0.6693963	0
1742.5	0.6651678	0
1742.6	0.6638638	0
1742.7	0.6647917	0
1742.8	0.6680488	0
1742.9	0.6678352	0
1743	0.6646442	0
1743.1	0.6636938	0
1743.2	0.6635858	0
1743.3	0.6643618	0
1743.4	0.6618553	0
1743.5	0.6553454	0
1743.6	0.6438963	0
1743.7	0.6388085	0
1743.8	0.6358394	0
1743.9	0.6352516	0
1744	0.6326596	0
1744.1	0.6293184	0
1744.2	0.6251295	0
1744.3	0.6207803	0
1744.4	0.6138275	0
1744.5	0.6007664	0
1744.6	0.5959579	0
1744.7	0.5945008	0
1744.8	0.5958151	0
1744.9	0.5963731	0
1745	0.5965225	0
1745.1	0.596191	0
1745.2	0.5972065	0
1745.3	0.5990036	0
1745.4	0.6015605	0
1745.5	0.6018352	0
1745.6	0.6013973	0
1745.7	0.6064677	0
1745.8	0.6106424	0
1745.9	0.6140364	0
1746	0.6152037	0
1746.1	0.6170341	0
1746.2	0.6194317	0
1746.3	0.6198252	0
1746.4	0.6202047	0
1746.5	0.6205693	0
1746.6	0.6099768	0
1746.7	0.6001462	0
1746.8	0.5918919	0
1746.9	0.5859553	0
1747	0.5799651	0
1747.1	0.5735376	0
1747.2	0.569262	0
1747.3	0.5655774	0
1747.4	0.5623829	0
1747.5	0.5563778	0
1747.6	0.5519207	0
1747.7	0.5527532	0
1747.8	0.5503622	0
1747.9	0.5479295	0
1748	0.548385	0
1748.1	0.5412568	0
1748.2	0.5327275	0
1748.3	0.5305488	0
1748.4	0.528171	0
1748.5	0.5252323	0
1748.6	0.519623	0
1748.7	0.5177237	0
1748.8	0.5181658	0
1748.9	0.5195608	0
1749	0.5260065	0
1749.1	0.5361794	0
1749.2	0.5465214	0
1749.3	0.5521507	0
1749.4	0.5535957	0
1749.5	0.5621377	0
1749.6	0.5625867	0
1749.7	0.5542682	0
1749.8	0.5546329	0
1749.9	0.5545322	0
1750	0.5532942	0
1750.1	0.5562891	0
1750.2	0.5566673	0
1750.3	0.5521598	0
1750.4	0.5525185	0
1750.5	0.5520463	0
1750.6	0.5483663	0
1750.7	0.5497325	0
1750.8	0.5500815	0
1750.9	0.5450276	0
1751	0.5397854	0
1751.1	0.5354633	0
1751.2	0.534238	0
1751.3	0.535006	0
1751.4	0.5362207	0
1751.5	0.5359875	0
1751.6	0.5365844	0
1751.7	0.5378459	0
1751.8	0.5406061	0
1751.9	0.5431055	0
1752	0.5456842	0
1752.1	0.5505144	0
1752.2	0.5542889	0
1752.3	0.5573032	0
1752.4	0.5609039	0
1752.5	0.5598354	0
1752.6	0.5545253	0
1752.7	0.5465388	0
1752.8	0.54049	0
1752.9	0.5365743	0
1753	0.5324695	0
1753.1	0.5283809	0
1753.2	0.5243269	0
1753.3	0.527752	0
1753.4	0.5286515	0
1753.5	0.5241342	0
1753.6	0.5219082	0
1753.7	0.5213339	0
1753.8	0.523307	0
1753.9	0.5280511	0
1754	0.5340006	0
1754.1	0.5413291	0
1754.2	0.543182	0
1754.3	0.5439519	0
1754.4	0.5468136	0
1754.5	0.5467046	0
1754.6	0.5442212	0
1754.7	0.5366725	0
1754.8	0.5251747	0
1754.9	0.5122112	0
1755	0.502519	0
1755.1	0.4964193	0
1755.2	0.4932572	0
1755.3	0.4969823	0
1755.4	0.5031055	0
1755.5	0.5105909	0
1755.6	0.5080468	0
1755.7	0.5072187	0
1755.8	0.5079747	0
1755.9	0.5173932	0
1756	0.5239186	0
1756.1	0.5271688	0
1756.2	0.5320775	0
1756.3	0.5375459	0
1756.4	0.5436509	0
1756.5	0.5463096	0
1756.6	0.5483554	0
1756.7	0.5500196	0
1756.8	0.5488387	0
1756.9	0.5464342	0
1757	0.5425352	0
1757.1	0.5393479	0
1757.2	0.5330701	0
1757.3	0.5183992	0
1757.4	0.5063687	0
1757.5	0.4968269	0
1757.6	0.4927026	0
1757.7	0.4869057	0
1757.8	0.4809037	0
1757.9	0.4770514	0
1758	0.4728265	0
1758.1	0.468652	0
1758.2	0.4660179	0
1758.3	0.4633757	0
1758.4	0.4609177	0
1758.5	0.4604207	0
1758.6	0.4616956	0
1758.7	0.4646641	0
1758.8	0.4753996	0
1758.9	0.4813168	0
1759	0.4827145	0
1759.1	0.4825009	0
1759.2	0.4823647	0
1759.3	0.4823313	0
1759.4	0.4728183	0
1759.5	0.4645837	0
1759.6	0.4588913	0
1759.7	0.4575269	0
1759.8	0.4546595	0
1759.9	0.4484065	0
1760	0.4428351	0
1760.1	0.438475	0
1760.2	0.4363876	0
1760.3	0.4471138	0
1760.4	0.4591284	0
1760.5	0.4661197	0
1760.6	0.4746531	0
1760.7	0.4828308	0
1760.8	0.4880826	0
1760.9	0.497811	0
1761	0.5093568	0
1761.1	0.5206063	0
1761.2	0.5285912	0
1761.3	0.5337784	0
1761.4	0.5318269	0
1761.5	0.5238751	0
1761.6	0.512278	0
1761.7	0.5031158	0
1761.8	0.4979526	0
1761.9	0.4960198	0
1762	0.4964482	0
1762.1	0.499672	0
1762.2	0.5055603	0
1762.3	0.5120565	0
1762.4	0.5174175	0
1762.5	0.5214585	0
1762.6	0.527176	0
1762.7	0.5305562	0
1762.8	0.5305052	0
1762.9	0.5310162	0
1763	0.5325054	0
1763.1	0.5355576	0
1763.2	0.5387323	0
1763.3	0.5412109	0
1763.4	0.5421625	0
1763.5	0.5404572	0
1763.6	0.5373066	0
1763.7	0.5321102	0
1763.8	0.5312227	0
1763.9	0.5316196	0
1764	0.5314367	0
1764.1	0.5309986	0
1764.2	0.5306168	0
1764.3	0.5310107	0
1764.4	0.5311807	0
1764.5	0.5302288	0
1764.6	0.5224494	0
1764.7	0.5190511	0
1764.8	0.5185739	0
1764.9	0.5186564	0
1765	0.5179517	0
1765.1	0.5167219	0
1765.2	0.5186195	0
1765.3	0.518696	0
1765.4	0.5170085	0
1765.5	0.5173237	0
1765.6	0.5166717	0
1765.7	0.514846	0
1765.8	0.510372	0
1765.9	0.5062456	0
1766	0.5028737	-0.00295326
1766.1	0.5040966	-0.01467255
1766.2	0.5069557	-0.01331141
1766.3	0.5116616	-0.006782895
1766.4	0.5132726	0.000838876
1766.5	0.5166966	-0.000629571
1766.6	0.5253208	-0.006590252
1766.7	0.5168918	-0.01371135
1766.8	0.506869	-0.01740825
1766.9	0.5047256	-0.01729996
1767	0.5035058	-0.002231242
1767.1	0.5025592	0.005348855
1767.2	0.5014545	0.00722506
1767.3	0.5054823	0.003311917
1767.4	0.5116023	0.00096999
1767.5	0.5170024	0
1767.6	0.522051	0
1767.7	0.5270193	0
1767.8	0.53277	0
1767.9	0.5333281	0
1768	0.5309358	0
1768.1	0.5347617	0
1768.2	0.5370408	0
1768.3	0.5380827	0
1768.4	0.5397461	0
1768.5	0.5385046	0
1768.6	0.5344045	0
1768.7	0.5323386	0
1768.8	0.5293599	0
1768.9	0.5252425	0
1769	0.525551	0
1769.1	0.5259159	0
1769.2	0.5258941	0
1769.3	0.5249024	0
1769.4	0.5244751	0
1769.5	0.5252774	0
1769.6	0.5290459	0
1769.7	0.5320241	0
1769.8	0.5319765	0
1769.9	0.5360594	0
1770	0.5386917	0
1770.1	0.5341814	0
1770.2	0.5344245	0
1770.3	0.5352172	0
1770.4	0.5319421	0
1770.5	0.53181	0
1770.6	0.5331193	0
1770.7	0.5346387	0
1770.8	0.5348297	0
1770.9	0.5339232	0
1771	0.5303544	0
1771.1	0.5284671	0
1771.2	0.5275769	0
1771.3	0.5248471	0
1771.4	0.5231673	0
1771.5	0.5222983	0
1771.6	0.5191895	0
1771.7	0.5174134	0
1771.8	0.5169701	0
1771.9	0.5213813	0
1772	0.5228444	0
1772.1	0.5205885	0
1772.2	0.5174724	0
1772.3	0.5135948	0
1772.4	0.508692	0
1772.5	0.5083222	0
1772.6	0.5101013	0
1772.7	0.5146495	0
1772.8	0.5209299	0
1772.9	0.5258143	0
1773	0.5267761	0
1773.1	0.521423	0
1773.2	0.5167564	0
1773.3	0.5189952	0
1773.4	0.5217277	0
1773.5	0.5222121	0
1773.6	0.5136817	0
1773.7	0.5076724	0
1773.8	0.5037755	0
1773.9	0.5048173	0
1774	0.5060609	0
1774.1	0.5074071	0
1774.2	0.5086712	0
1774.3	0.510135	0
1774.4	0.5113832	0
1774.5	0.5077907	0
1774.6	0.504512	0
1774.7	0.5013483	0
1774.8	0.4909342	0
1774.9	0.4776816	0
1775	0.4615448	0
1775.1	0.4474425	0
1775.2	0.4349968	0
1775.3	0.4245199	0
1775.4	0.4225504	0
1775.5	0.4225107	0
1775.6	0.4243165	-0.01031542
1775.7	0.4281321	-0.05329631
1775.8	0.430971	-0.07234661
1775.9	0.4314881	-0.07850771
1776	0.4329671	-0.07037238
1776.1	0.4353222	-0.06331597
1776.2	0.4392256	-0.0586055
1776.3	0.4450897	-0.06465283
1776.4	0.4524566	-0.06308844
1776.5	0.4625838	-0.05702702
1776.6	0.4670298	-0.0525496
1776.7	0.4694018	-0.04761305
1776.8	0.4717966	-0.0413206
1776.9	0.476342	-0.01495005
1777	0.4818996	-0.001364506
1777.1	0.4875557	0.000607178
1777.2	0.4896126	0.004313549
1777.3	0.4897944	0.008636366
1777.4	0.4914424	0.01363779
1777.5	0.4924648	0.01268909
1777.6	0.4928663	0.0116914
1777.7	0.4905984	0.01102919
1777.8	0.4934556	0.001287395
1777.9	0.5005374	-0.010215
1778	0.4989263	-0.02301678
1778.1	0.4968712	-0.03003519
1778.2	0.4943579	-0.03348412
1778.3	0.5001495	-0.03170861
1778.4	0.5052289	-0.02968399
1778.5	0.5090725	-0.02845828
1778.6	0.5100554	-0.02939594
1778.7	0.5090238	-0.0378958
1778.8	0.5052994	-0.04541573
1778.9	0.5046473	-0.0420325
1779	0.5052347	-0.04068291
1779.1	0.5072996	-0.0385607
1779.2	0.5088711	-0.02954852
1779.3	0.508165	-0.03175111
1779.4	0.5023906	-0.03934455
1779.5	0.5002221	-0.04519278
1779.6	0.4990749	-0.04976385
1779.7	0.49787	-0.05291857
1779.8	0.5021244	-0.04995213
1779.9	0.5068007	-0.04568459
1780	0.5051644	-0.04022488
1780.1	0.5063653	-0.03036313
1780.2	0.5077909	-0.0251249
1780.3	0.5032099	-0.02415452
1780.4	0.5003714	-0.0267228
1780.5	0.4984767	-0.03120893
1780.6	0.4959962	-0.03782454
1780.7	0.4966502	-0.03273695
1780.8	0.4994561	-0.03402949
1780.9	0.5009935	-0.04486142
1781	0.5035716	-0.04993992
1781.1	0.5070161	-0.05199915
1781.2	0.5076107	-0.0501086
1781.3	0.5088041	-0.04697603
1781.4	0.5106257	-0.041619
1781.5	0.5146711	-0.03214656
1781.6	0.5190364	-0.01597444
1781.7	0.5237029	-0.002941625
1781.8	0.5210708	-0.002181142
1781.9	0.5183105	0.006813164
1782	0.5163893	0.01470544
1782.1	0.5114853	0.01015246
1782.2	0.5086258	0.01032906
1782.3	0.5105301	0.01204822
1782.4	0.5129234	0.0119578
1782.5	0.5131685	0.007005363
1782.6	0.5080487	-0.003249152
1782.7	0.5041472	-0.03127545
1782.8	0.5011508	-0.04989006
1782.9	0.4998074	-0.062228
1783	0.5014202	-0.07135533
1783.1	0.5043133	-0.07605492
1783.2	0.50782	-0.07723507
1783.3	0.5116157	-0.07609735
1783.4	0.5152915	-0.06869361
1783.5	0.5175245	-0.05541244
1783.6	0.5236564	-0.03911409
1783.7	0.5319245	-0.0202354
1783.8	0.5387009	0.001548823
1783.9	0.5462152	0.01281827
1784	0.5538629	0.01825954
1784.1	0.5547566	0.01651374
1784.2	0.5591772	0.005933341
1784.3	0.566578	-0.008832046
1784.4	0.5588106	-0.02893128
1784.5	0.5585226	-0.03849984
1784.6	0.5662087	-0.04010075
1784.7	0.571371	-0.02901607
1784.8	0.5780852	-0.02451165
1784.9	0.586943	-0.02037193
1785	0.5912157	-0.01287359
1785.1	0.5954358	-0.003137167
1785.2	0.600271	0.007480588
1785.3	0.6038324	0.01858336
1785.4	0.6067018	0.02077339
1785.5	0.6086168	0.01877311
1785.6	0.606342	0.0147551
1785.7	0.6031595	0.01037317
1785.8	0.6000672	0.006121831
1785.9	0.5953907	0.003984094
1786	0.5909901	0.001386653
1786.1	0.5889272	-0.000513187
1786.2	0.5866224	0.008426193
1786.3	0.5842337	0.01530421
1786.4	0.5818871	0.02079726
1786.5	0.5805292	0.03257449
1786.6	0.5799637	0.03619716
1786.7	0.5811826	0.0320475
1786.8	0.584341	0.02401472
1786.9	0.5885481	0.01976006
1787	0.5916756	0.01992426
1787.1	0.5918362	0.02473858
1787.2	0.589655	0.02047184
1787.3	0.5845984	0.003039996
1787.4	0.5796666	-0.006588628
1787.5	0.5748656	-0.01473736
1787.6	0.5748624	-0.0219671
1787.7	0.574389	-0.01883818
1787.8	0.5734063	-0.01617397
1787.9	0.5791928	-0.01856587
1788	0.5838782	-0.01552547
1788.1	0.5867062	-0.01111208
1788.2	0.5892653	-0.006750049
1788.3	0.5900274	0.002196476
1788.4	0.5879507	0.009782329
1788.5	0.5832703	0.007303801
1788.6	0.5795723	0.006485498
1788.7	0.5786533	0.005373922
1788.8	0.5710374	-0.000441926
1788.9	0.56436	-0.00183115
1789	0.5638361	-0.001436213
1789.1	0.5604681	-0.004982402
1789.2	0.5574434	-0.005120403
1789.3	0.5582882	-0.002566439
1789.4	0.5597441	0.005248274
1789.5	0.5608481	0.008563007
1789.6	0.5594515	0.007693554
1789.7	0.5540671	-0.01104389
1789.8	0.5474004	-0.02246029
1789.9	0.5448925	-0.02678623
1790	0.5381969	-0.0257444
1790.1	0.5297097	-0.02610618
1790.2	0.5285213	-0.02821813
1790.3	0.5239881	-0.03423936
1790.4	0.5173157	-0.03884958
1790.5	0.5178576	-0.04106452
1790.6	0.5172716	-0.0442321
1790.7	0.5156611	-0.04660144
1790.8	0.5130379	-0.04736609
1790.9	0.5111237	-0.03664389
1791	0.5099899	-0.02431783
1791.1	0.5135411	-0.01325613
1791.2	0.5174999	-0.01294777
1791.3	0.5216879	-0.01592293
1791.4	0.5212465	-0.02015292
1791.5	0.5200087	-0.02517257
1791.6	0.5182737	-0.02887324
1791.7	0.5143738	-0.0269342
1791.8	0.5103652	-0.02390469
1791.9	0.5068704	-0.02201562
1792	0.5018943	-0.02790944
1792.1	0.4978175	-0.03098119
1792.2	0.4968952	-0.03283585
1792.3	0.4950979	-0.03692212
1792.4	0.4925516	-0.03815787
1792.5	0.488475	-0.03820104
1792.6	0.4881835	-0.04684934
1792.7	0.4891299	-0.04693604
1792.8	0.488811	-0.04022197
1792.9	0.4909748	-0.03863852
1793	0.4938028	-0.04090148
1793.1	0.4929947	-0.04694979
1793.2	0.4889122	-0.06149476
1793.3	0.4835925	-0.07338947
1793.4	0.4862069	-0.08191558
1793.5	0.4830876	-0.09083539
1793.6	0.4759505	-0.09549469
1793.7	0.4762642	-0.09393036
1793.8	0.4732742	-0.09067848
1793.9	0.4672345	-0.08505893
1794	0.4700255	-0.07562385
1794.1	0.4745428	-0.06717514
1794.2	0.4809512	-0.05511069
1794.3	0.4873626	-0.03464637
1794.4	0.4930245	-0.014931
1794.5	0.4976681	0.000507862
1794.6	0.499433	0.004586081
1794.7	0.4974019	-0.00918771
1794.8	0.4896021	-0.02832588
1794.9	0.4832201	-0.0441685
1795	0.4771538	-0.04965923
1795.1	0.4712298	-0.04950808
1795.2	0.4706009	-0.04423428
1795.3	0.4703116	-0.043497
1795.4	0.4675764	-0.04375991
1795.5	0.4669252	-0.03296723
1795.6	0.4641114	-0.03214899
1795.7	0.4519117	-0.03762485
1795.8	0.4499348	-0.03708056
1795.9	0.4524945	-0.03916216
1796	0.4564744	-0.0432517
1796.1	0.4554565	-0.04091902
1796.2	0.4516877	-0.03780607
1796.3	0.4467989	-0.03391285
1796.4	0.4457048	-0.02859432
1796.5	0.4476977	-0.02625808
1796.6	0.4567517	-0.02758004
1796.7	0.4600506	-0.01901211
1796.8	0.4591081	-0.0116119
1796.9	0.4631439	-0.007066328
1797	0.4651755	-0.007799555
1797.1	0.465327	-0.01448245
1797.2	0.4680546	-0.03062603
1797.3	0.4661713	-0.04778849
1797.4	0.4590229	-0.06292973
1797.5	0.4587136	-0.07306758
1797.6	0.4590846	-0.07824004
1797.7	0.4598349	-0.08210352
1797.8	0.4593256	-0.08613498
1797.9	0.4597548	-0.08052929
1798	0.4620151	-0.07253461
1798.1	0.4653358	-0.06850889
1798.2	0.4641111	-0.0611628
1798.3	0.4530059	-0.05035388
1798.4	0.4554389	-0.02956869
1798.5	0.4638908	-0.01125915
1798.6	0.4792534	0.005126803
1798.7	0.4810791	0.01746596
1798.8	0.4787928	0.02929976
1798.9	0.4776989	0.03998977
1799	0.4764693	0.03977643
1799.1	0.4750014	0.03655633
1799.2	0.4727077	0.03090229
1799.3	0.4719015	0.029483
1799.4	0.471942	0.02405403
1799.5	0.4724211	0.0145507
1799.6	0.4702376	0.008687656
1799.7	0.4662867	0.001160361
1799.8	0.4617819	-0.00854674
1799.9	0.4600765	-0.008424143
1800	0.4603494	-0.003163943
1800.1	0.4546991	0.008589909
1800.2	0.452379	0.0112328
1800.3	0.4532329	0.01015326
1800.4	0.4517659	0.004595231
1800.5	0.4499013	-0.00500415
1800.6	0.4476103	-0.01513088
1800.7	0.4439388	-0.02454294
1800.8	0.4394559	-0.02677638
1800.9	0.4339577	-0.02870546
1801	0.4284843	-0.0356344
1801.1	0.4271219	-0.04068198
1801.2	0.4328147	-0.04257967
1801.3	0.4413032	-0.03510626
1801.4	0.4470495	-0.03083045
1801.5	0.4458707	-0.02770317
1801.6	0.4477822	-0.0228501
1801.7	0.4487786	-0.02241456
1801.8	0.4452065	-0.02546191
1801.9	0.442103	-0.03607803
1802	0.4392852	-0.04845569
1802.1	0.4369096	-0.06239684
1802.2	0.4360171	-0.08115295
1802.3	0.4350675	-0.09705845
1802.4	0.4308743	-0.1102912
1802.5	0.4318272	-0.1084899
1802.6	0.4355581	-0.1070473
1802.7	0.4395018	-0.1059751
1802.8	0.4387767	-0.1012104
1802.9	0.4353859	-0.08992509
1803	0.4365396	-0.0706274
1803.1	0.4362662	-0.06300951
1803.2	0.4348755	-0.05695239
1803.3	0.4341646	-0.05172677
1803.4	0.4331243	-0.03869323
1803.5	0.4317647	-0.02967954
1803.6	0.4369646	-0.03034459
1803.7	0.4416311	-0.02915406
1803.8	0.4455463	-0.02885743
1803.9	0.4415949	-0.03157133
1804	0.4370581	-0.0375693
1804.1	0.4324533	-0.04230577
1804.2	0.4273023	-0.04048395
1804.3	0.4238637	-0.04511164
1804.4	0.4235376	-0.05124835
1804.5	0.4263433	-0.05387063
1804.6	0.4295705	-0.05644072
1804.7	0.4324192	-0.05716337
1804.8	0.4399593	-0.04802381
1804.9	0.4478271	-0.04114055
1805	0.4532246	-0.0357887
1805.1	0.4615404	-0.03223401
1805.2	0.4708336	-0.0265077
1805.3	0.4800327	-0.01864554
1805.4	0.4844442	-0.001556676
1805.5	0.4872152	0.004484416
1805.6	0.4921546	0.001023982
1805.7	0.4962558	0.002685985
1805.8	0.4994727	0.002333453
1805.9	0.499659	-0.000132689
1806	0.4984056	0.001776292
1806.1	0.4965501	0.008453547
1806.2	0.4990454	0.02099157
1806.3	0.5002289	0.01860888
1806.4	0.500293	0.01379378
1806.5	0.4984564	0.007328185
1806.6	0.4972806	0.002549442
1806.7	0.4967552	-0.00012736
1806.8	0.4986421	0.000714997
1806.9	0.4999836	0.002729965
1807	0.500616	0.003610016
1807.1	0.5003045	0.001178604
1807.2	0.4993156	-0.01456111
1807.3	0.4974436	-0.0266978
1807.4	0.5028557	-0.0159911
1807.5	0.5087577	-0.002205402
1807.6	0.5138317	0.01159409
1807.7	0.5131015	0.02075367
1807.8	0.5110486	0.02303795
1807.9	0.5085898	0.02205654
1808	0.5059327	0.0212401
1808.1	0.5053255	0.02514811
1808.2	0.5105821	0.0323628
1808.3	0.5146619	0.04395529
1808.4	0.5174407	0.04246381
1808.5	0.5169974	0.03217425
1808.6	0.5161411	0.0332888
1808.7	0.5142533	0.02818484
1808.8	0.508168	0.01761949
1808.9	0.504916	0.008174066
1809	0.5034136	0.001846909
1809.1	0.5032549	-0.001155813
1809.2	0.5044753	-0.00302728
1809.3	0.5062342	-0.005277649
1809.4	0.5028847	-0.008079134
1809.5	0.4996859	-0.008612898
1809.6	0.4966221	-0.01316481
1809.7	0.4939926	-0.02439977
1809.8	0.4900911	-0.03643108
1809.9	0.4849177	-0.04440332
1810	0.4803965	-0.04425285
1810.1	0.4782211	-0.04974111
1810.2	0.4788704	-0.05277777
1810.3	0.4799875	-0.04678724
1810.4	0.480703	-0.04186114
1810.5	0.4807725	-0.03537476
1810.6	0.4881704	-0.02305776
1810.7	0.4928443	-0.01579924
1810.8	0.490783	-0.007583172
1810.9	0.4934389	0.0126303
1811	0.4957521	0.02410365
1811.1	0.4951554	0.03060712
1811.2	0.4970058	0.03305865
1811.3	0.4981568	0.02224934
1811.4	0.495398	0.004156647
1811.5	0.492253	-0.00757179
1811.6	0.4870875	-0.01610257
1811.7	0.4749268	-0.02249358
1811.8	0.4684053	-0.03278686
1811.9	0.464688	-0.04472804
1812	0.4622288	-0.05811068
1812.1	0.4599398	-0.06361043
1812.2	0.4584804	-0.06564508
1812.3	0.462613	-0.06392586
1812.4	0.4659375	-0.04525559
1812.5	0.4682054	-0.02986678
1812.6	0.4636265	-0.0198183
1812.7	0.4660346	-0.01427928
1812.8	0.4741876	-0.007460339
1812.9	0.4768637	0.002144752
1813	0.477127	0.01026745
1813.1	0.4749387	0.01661554
1813.2	0.4728182	0.01993356
1813.3	0.4727762	0.02081967
1813.4	0.4752928	0.01973725
1813.5	0.4751607	0.0151802
1813.6	0.4746596	0.01263707
1813.7	0.4739319	0.009236809
1813.8	0.4707059	0.001152285
1813.9	0.4675033	0.00096058
1814	0.464995	0.004026517
1814.1	0.4572614	0.007626783
1814.2	0.4490962	-5.44E-05
1814.3	0.4424277	-0.01143901
1814.4	0.4376643	-0.01150809
1814.5	0.4343435	-0.01047958
1814.6	0.4336534	-0.008248372
1814.7	0.4314061	-0.001026486
1814.8	0.4274198	0.006439054
1814.9	0.4189834	0.01322247
1815	0.4095893	0.002861197
1815.1	0.4013148	0.002803266
1815.2	0.401241	0.01210486
1815.3	0.3987533	0.01834611
1815.4	0.3945593	0.01854071
1815.5	0.3877909	0.01207892
1815.6	0.3792871	0.00624053
1815.7	0.3696274	-0.008078354
1815.8	0.3608455	-0.03377299
1815.9	0.3541762	-0.06267611
1816	0.3493991	-0.08331429
1816.1	0.3503145	-0.08991165
1816.2	0.3529829	-0.1203016
1816.3	0.3574615	-0.1475398
1816.4	0.3689579	-0.1603834
1816.5	0.3777407	-0.1544718
1816.6	0.3828348	-0.1402837
1816.7	0.3880397	-0.1164655
1816.8	0.3930825	-0.08724952
1816.9	0.3978634	-0.05887838
1817	0.4001732	-0.03876017
1817.1	0.4011336	-0.03222602
1817.2	0.4002452	-0.02937832
1817.3	0.3972281	-0.01872061
1817.4	0.3940302	-0.010367
1817.5	0.3914709	-0.003559076
1817.6	0.388754	0.000916068
1817.7	0.3858776	-0.001122528
1817.8	0.3826631	-0.007959088
1817.9	0.3840512	-0.02207397
1818	0.3870069	-0.03141782
1818.1	0.3893696	-0.0372186
1818.2	0.3932048	-0.04487948
1818.3	0.3969232	-0.05482899
1818.4	0.3962606	-0.06689106
1818.5	0.3948909	-0.07428917
1818.6	0.3934585	-0.08418341
1818.7	0.3949082	-0.09689089
1818.8	0.3967243	-0.09538089
1818.9	0.3986747	-0.0874784
1819	0.3986397	-0.07195123
1819.1	0.398345	-0.05724199
1819.2	0.3978631	-0.04812693
1819.3	0.4004697	-0.04814502
1819.4	0.4059558	-0.03558655
1819.5	0.4144628	-0.02124176
1819.6	0.4234009	-0.007713088
1819.7	0.4319186	0.003680922
1819.8	0.4398808	0.01207171
1819.9	0.4470787	0.01407806
1820	0.4545626	0.01878415
1820.1	0.4625987	0.02185338
1820.2	0.4724824	0.01661957
1820.3	0.4802425	0.01096914
1820.4	0.4834172	0.005789542
1820.5	0.486113	0.003460026
1820.6	0.4886207	0.004736044
1820.7	0.4909312	0.007842765
1820.8	0.4950903	0.01077992
1820.9	0.5007886	0.0068492
1821	0.5094989	-0.001109839
1821.1	0.5132558	-0.005692239
1821.2	0.5140836	-0.009478399
1821.3	0.510748	-0.01227535
1821.4	0.5101591	-0.006104277
1821.5	0.5119416	-0.002341746
1821.6	0.5196112	-0.000838397
1821.7	0.5250604	-0.004175001
1821.8	0.5294497	-0.004112793
1821.9	0.5360373	-0.000142607
1822	0.5405175	0.01442775
1822.1	0.542994	0.02518529
1822.2	0.5374153	0.02980915
1822.3	0.5335684	0.03694306
1822.4	0.5312358	0.04251837
1822.5	0.5277421	0.04497063
1822.6	0.5253281	0.05439163
1822.7	0.5240651	0.06386918
1822.8	0.5238271	0.07085851
1822.9	0.5218255	0.07663812
1823	0.5174875	0.07938382
1823.1	0.5191072	0.07496431
1823.2	0.5193915	0.07202707
1823.3	0.5166625	0.07118862
1823.4	0.5122409	0.07580149
1823.5	0.5055314	0.07519989
1823.6	0.494898	0.06989084
1823.7	0.4821306	0.05312454
1823.8	0.4670909	0.04509517
1823.9	0.4477084	0.04156522
1824	0.4330616	0.03749506
1824.1	0.4200082	0.0369501
1824.2	0.4074597	0.03874256
1824.3	0.402205	0.04123937
1824.4	0.3998867	0.03386725
1824.5	0.3979784	0.01906411
1824.6	0.3984977	0.01291372
1824.7	0.4015387	0.01145505
1824.8	0.4122753	0.01446818
1824.9	0.4227177	0.01913228
1825	0.4319672	0.01492735
1825.1	0.4320767	0.000453985
1825.2	0.431782	-0.01553731
1825.3	0.4310688	-0.02770369
1825.4	0.4281521	-0.03436448
1825.5	0.4301392	-0.0246789
1825.6	0.4364659	-0.01601866
1825.7	0.4317588	-0.01251832
1825.8	0.4303089	-0.006507738
1825.9	0.4323876	-0.00153339
1826	0.4335629	0.000253009
1826.1	0.4369664	0.01568424
1826.2	0.4433544	0.03285534
1826.3	0.4489951	0.04532374
1826.4	0.452427	0.05103894
1826.5	0.4524369	0.05603713
1826.6	0.4560587	0.06643321
1826.7	0.4602234	0.07116175
1826.8	0.4642993	0.07359172
1826.9	0.4618044	0.07663191
1827	0.45922	0.08052137
1827.1	0.4601754	0.08332083
1827.2	0.4564489	0.07560678
1827.3	0.4521665	0.06885892
1827.4	0.4507042	0.06367381
1827.5	0.4515405	0.06917559
1827.6	0.4541056	0.07121035
1827.7	0.4601088	0.07022735
1827.8	0.4638566	0.06170854
1827.9	0.4657431	0.05429613
1828	0.4632284	0.0479553
1828.1	0.4547321	0.04122993
1828.2	0.4434494	0.03525343
1828.3	0.4404514	0.0301634
1828.4	0.4418939	0.03331206
1828.5	0.4462212	0.02833177
1828.6	0.4418663	0.01094597
1828.7	0.4391142	0.005044695
1828.8	0.4378179	0.006377934
1828.9	0.4365918	0.01782081
1829	0.4366693	0.02510135
1829.1	0.4381821	0.0320105
1829.2	0.4412094	0.03983189
1829.3	0.4456762	0.05199386
1829.4	0.4519648	0.06384256
1829.5	0.4509149	0.07172202
1829.6	0.4491828	0.07635101
1829.7	0.4476089	0.0791817
1829.8	0.4481266	0.07960202
1829.9	0.4502899	0.08087007
1830	0.4550563	0.080619
1830.1	0.4538253	0.07127251
1830.2	0.4514717	0.05491491
1830.3	0.4498807	0.03548386
1830.4	0.4466754	0.02124549
1830.5	0.443518	0.009933454
1830.6	0.442166	0.000676664
1830.7	0.437052	-0.007311277
1830.8	0.4320225	-0.007255091
1830.9	0.4339305	-0.001121713
1831	0.4289428	-0.01065753
1831.1	0.4210044	-0.02059657
1831.2	0.4163741	-0.03093242
1831.3	0.4112944	-0.02743472
1831.4	0.4058538	-0.02350443
1831.5	0.3996165	-0.01939486
1831.6	0.3925344	-0.02135676
1831.7	0.385277	-0.01919045
1831.8	0.3881661	-0.01039142
1831.9	0.3886414	-0.01325982
1832	0.3868884	-0.01768714
1832.1	0.3920743	-0.02216406
1832.2	0.3967934	-0.01601983
1832.3	0.4009593	-0.008862332
1832.4	0.409078	-0.004065008
1832.5	0.4162919	0.00572732
1832.6	0.4219818	0.01316811
1832.7	0.4251201	0.01030664
1832.8	0.4269444	0.003732941
1832.9	0.4270584	-0.003603264
1833	0.4310434	-0.008972977
1833.1	0.4347006	-0.01185991
1833.2	0.4363081	-0.01423249
1833.3	0.4347414	-0.01953039
1833.4	0.4333559	-0.0226031
1833.5	0.4344265	-0.0240058
1833.6	0.432475	-0.02218236
1833.7	0.4312166	-0.01769358
1833.8	0.4354813	-0.01075894
1833.9	0.4294841	0.004413439
1834	0.4206798	0.0188126
1834.1	0.4181966	0.03195403
1834.2	0.4131325	0.01988347
1834.3	0.4070742	0.01183416
1834.4	0.4031463	0.007806092
1834.5	0.4002834	0.001772571
1834.6	0.3982443	-0.005005593
1834.7	0.397743	-0.01262677
1834.8	0.3969404	-0.01891611
1834.9	0.3960306	-0.01931381
1835	0.3981337	-0.01117231
1835.1	0.3991418	-0.006457497
1835.2	0.3991228	-0.002567756
1835.3	0.3961509	0.000674738
1835.4	0.3938566	0.001280858
1835.5	0.3923598	-0.00080656
1835.6	0.3946657	-0.007749644
1835.7	0.396285	-0.009651247
1835.8	0.3966444	-0.00755935
1835.9	0.3960555	0.001945418
1836	0.3953225	0.008303232
1836.1	0.3945321	0.01247837
1836.2	0.3978225	0.01273628
1836.3	0.4003016	0.01389014
1836.4	0.3995622	0.01537524
1836.5	0.4035266	0.01647774
1836.6	0.4070401	0.006121414
1836.7	0.4062861	-0.01003131
1836.8	0.4087835	-0.02123676
1836.9	0.4113002	-0.02793136
1837	0.4102515	-0.03137566
1837.1	0.4114248	-0.032881
1837.2	0.4132041	-0.03267312
1837.3	0.4134875	-0.03112189
1837.4	0.4129345	-0.03411373
1837.5	0.410928	-0.03872923
1837.6	0.4022468	-0.04499459
1837.7	0.396268	-0.03519139
1837.8	0.3917428	-0.02965369
1837.9	0.3840705	-0.02994205
1838	0.376904	-0.0327003
1838.1	0.3701839	-0.03772769
1838.2	0.3647727	-0.0458541
1838.3	0.3617308	-0.05618231
1838.4	0.360947	-0.07252672
1838.5	0.3597507	-0.09937263
1838.6	0.3589078	-0.1092249
1838.7	0.3584787	-0.106621
1838.8	0.3586929	-0.08358111
1838.9	0.3559273	-0.07658348
1839	0.3489207	-0.07746582
1839.1	0.3437178	-0.08809932
1839.2	0.3409455	-0.0820424
1839.3	0.3419724	-0.07357819
1839.4	0.3433945	-0.07921545
1839.5	0.3446478	-0.0705431
1839.6	0.3453872	-0.05550973
1839.7	0.3476759	-0.04178809
1839.8	0.3492965	-0.04223499
1839.9	0.3480665	-0.0503493
1840	0.3441096	-0.05496196
1840.1	0.3395907	-0.05912789
1840.2	0.3363073	-0.06319337
1840.3	0.3360054	-0.0703673
1840.4	0.3368012	-0.06749347
1840.5	0.3367542	-0.05618642
1840.6	0.3377131	-0.05262764
1840.7	0.339213	-0.05912365
1840.8	0.340741	-0.07600143
1840.9	0.3420083	-0.07042017
1841	0.3428319	-0.06982826
1841.1	0.3405198	-0.07641405
1841.2	0.3381064	-0.09090734
1841.3	0.3357225	-0.09947431
1841.4	0.3366819	-0.09795336
1841.5	0.3392303	-0.09367725
1841.6	0.3433176	-0.08863284
1841.7	0.3435225	-0.08290666
1841.8	0.342535	-0.07777496
1841.9	0.3402219	-0.07246958
1842	0.3381748	-0.06646262
1842.1	0.3386146	-0.06059157
1842.2	0.3425774	-0.05154983
1842.3	0.3437052	-0.03298024
1842.4	0.3451575	-0.02684967
1842.5	0.3478015	-0.02743285
1842.6	0.3465176	-0.0360783
1842.7	0.3447168	-0.03944364
1842.8	0.3434168	-0.03955028
1842.9	0.3436039	-0.03546981
1843	0.3439017	-0.04134765
1843.1	0.3434351	-0.05169643
1843.2	0.3443621	-0.05108041
1843.3	0.346047	-0.05476779
1843.4	0.348719	-0.06029647
1843.5	0.3478284	-0.04664704
1843.6	0.345484	-0.02991077
1843.7	0.343632	-0.01067255
1843.8	0.341493	-0.005450363
1843.9	0.3396339	-0.003190585
1844	0.3408518	-0.004038903
1844.1	0.3440417	0.01014762
1844.2	0.3478142	0.02144451
1844.3	0.3426861	0.02834908
1844.4	0.3401783	0.02630164
1844.5	0.3398649	0.0191754
1844.6	0.3419012	0.005445083
1844.7	0.3425542	-0.01985591
1844.8	0.3418459	-0.04288952
1844.9	0.3411433	-0.05824375
1845	0.3420482	-0.07096281
1845.1	0.3448707	-0.08512348
1845.2	0.3477063	-0.1040887
1845.3	0.3530771	-0.1158309
1845.4	0.3621248	-0.1189794
1845.5	0.3635294	-0.1025383
1845.6	0.3663736	-0.07592008
1845.7	0.3735596	-0.047793
1845.8	0.3779737	-0.02914941
1845.9	0.3824181	-0.008673413
1846	0.3881286	0.01248251
1846.1	0.3917775	0.03253188
1846.2	0.3940122	0.05090302
1846.3	0.3938503	0.06786471
1846.4	0.3937699	0.08124825
1846.5	0.3942185	0.09247493
1846.6	0.3964825	0.1013032
1846.7	0.3951868	0.09602955
1846.8	0.3936588	0.09508038
1846.9	0.3988255	0.09775405
1847	0.4013696	0.07793508
1847.1	0.40229	0.05545819
1847.2	0.4019344	0.03014764
1847.3	0.398313	0.01180388
1847.4	0.39316	0.002047472
1847.5	0.3967982	0.003023986
1847.6	0.3982793	0.003648872
1847.7	0.3978841	0.000155867
1847.8	0.3935425	-0.009778852
1847.9	0.3868105	-0.01613336
1848	0.3776883	-0.01997679
1848.1	0.371903	-0.02003972
1848.2	0.3693634	-0.01217406
1848.3	0.3706593	-0.005348058
1848.4	0.3681578	-0.005377723
1848.5	0.3636471	-0.02863067
1848.6	0.356607	-0.04937726
1848.7	0.3511922	-0.04062214
1848.8	0.3486993	-0.02742914
1848.9	0.3510912	-0.01623839
1849	0.3532428	-0.02034047
1849.1	0.3543574	-0.02192204
1849.2	0.3532511	-0.02195089
1849.3	0.3534152	-0.02012345
1849.4	0.3535917	-0.01977002
1849.5	0.3528071	-0.01992617
1849.6	0.3555219	-0.01667484
1849.7	0.358452	-0.01126604
1849.8	0.3575171	-0.005124941
1849.9	0.3525205	-0.01458641
1850	0.3463924	-0.01587809
1850.1	0.3438856	-0.009881448
1850.2	0.3438749	-0.007617549
1850.3	0.3461527	-0.002218372
1850.4	0.3551719	0.006577357
1850.5	0.3553326	0.0144398
1850.6	0.3496478	0.0208659
1850.7	0.3475198	0.02545993
1850.8	0.3436847	0.01347035
1850.9	0.3386078	0.01101987
1851	0.3428006	0.02656714
1851.1	0.345463	0.0325158
1851.2	0.3465703	0.03684766
1851.3	0.3555833	0.04107233
1851.4	0.3608834	0.04336963
1851.5	0.3613281	0.04279306
1851.6	0.36462	0.03621484
1851.7	0.367202	0.05100286
1851.8	0.3683679	0.07233467
1851.9	0.3635559	0.09348834
1852	0.3612812	0.1014492
1852.1	0.3652351	0.1045571
1852.2	0.3683167	0.1092641
1852.3	0.3706555	0.1032462
1852.4	0.3717088	0.09173822
1852.5	0.3730769	0.07927939
1852.6	0.3729768	0.06911299
1852.7	0.3683521	0.06028368
1852.8	0.3615415	0.05081457
1852.9	0.355005	0.03808253
1853	0.3525589	0.02366256
1853.1	0.3476733	0.02418825
1853.2	0.342608	0.0237539
1853.3	0.3425156	0.02244746
1853.4	0.3399017	0.01627718
1853.5	0.3356967	0.000409552
1853.6	0.3303198	-0.02613332
1853.7	0.3270646	-0.03471107
1853.8	0.3250194	-0.05112113
1853.9	0.3189279	-0.07920923
1854	0.318788	-0.1019337
1854.1	0.3235596	-0.1170274
1854.2	0.318588	-0.1206002
1854.3	0.3171696	-0.1239583
1854.4	0.3194202	-0.123044
1854.5	0.3206494	-0.1136059
1854.6	0.3245112	-0.09695433
1854.7	0.331712	-0.08446873
1854.8	0.3371083	-0.08680759
1854.9	0.3399695	-0.07865948
1855	0.3392035	-0.07058632
1855.1	0.3398172	-0.07347664
1855.2	0.3377233	-0.09208947
1855.3	0.3301769	-0.1127897
1855.4	0.3362896	-0.1150374
1855.5	0.3432158	-0.1144108
1855.6	0.3452334	-0.1118717
1855.7	0.3479075	-0.1065186
1855.8	0.3500045	-0.09247006
1855.9	0.3498257	-0.07324596
1856	0.3539012	-0.05643963
1856.1	0.3584142	-0.04791541
1856.2	0.3584316	-0.04570418
1856.3	0.361324	-0.0437956
1856.4	0.365272	-0.03695096
1856.5	0.3676121	-0.02554995
1856.6	0.3700475	-0.02444208
1856.7	0.3721728	-0.02300039
1856.8	0.3712794	-0.02113906
1856.9	0.3723929	-0.01368921
1857	0.374811	-0.00251651
1857.1	0.3752715	0.01329722
1857.2	0.3759989	0.02008623
1857.3	0.3769952	0.02266941
1857.4	0.3810947	0.01993685
1857.5	0.3811499	-0.005530871
1857.6	0.3769621	-0.02975294
1857.7	0.3725569	-0.04333169
1857.8	0.3687333	-0.05912259
1857.9	0.3656601	-0.07626237
1858	0.3570505	-0.095484
1858.1	0.3478435	-0.1289568
1858.2	0.3384973	-0.1571458
1858.3	0.3401463	-0.1526176
1858.4	0.3420371	-0.1442992
1858.5	0.3412002	-0.1342041
1858.6	0.3402984	-0.1231631
1858.7	0.339433	-0.1141089
1858.8	0.3386879	-0.1081283
1858.9	0.3358661	-0.1151715
1859	0.334219	-0.1061144
1859.1	0.3379934	-0.08669022
1859.2	0.3409419	-0.0656112
1859.3	0.3444014	-0.05496808
1859.4	0.3511645	-0.05234622
1859.5	0.353301	-0.04861528
1859.6	0.3536088	-0.03954019
1859.7	0.3560847	-0.02545237
1859.8	0.3551082	-0.03099026
1859.9	0.3523547	-0.04034263
1860	0.3519103	-0.0538512
1860.1	0.3494056	-0.07065348
1860.2	0.3454682	-0.07347818
1860.3	0.3425304	-0.05673071
1860.4	0.34315	-0.0292102
1860.5	0.346902	-3.51E-05
1860.6	0.3510281	0.02982247
1860.7	0.351168	0.03540269
1860.8	0.3470582	0.03677342
1860.9	0.3376716	0.03844066
1861	0.3345949	0.04738266
1861.1	0.3399649	0.05424232
1861.2	0.3362658	0.05086882
1861.3	0.3318265	0.02201592
1861.4	0.3276001	-0.01627439
1861.5	0.3206508	-0.0580679
1861.6	0.3133672	-0.09772113
1861.7	0.3062663	-0.1364587
1861.8	0.295775	-0.1751243
1861.9	0.287792	-0.1988484
1862	0.2877444	-0.2111025
1862.1	0.2887625	-0.1994556
1862.2	0.2904958	-0.1796326
1862.3	0.2934476	-0.1554269
1862.4	0.2938882	-0.1409129
1862.5	0.2935502	-0.1303682
1862.6	0.2940244	-0.1224285
1862.7	0.2951885	-0.1007377
1862.8	0.2983252	-0.07334487
1862.9	0.3108798	-0.0405174
1863	0.3159128	-0.01882368
1863.1	0.3168596	-0.01483115
1863.2	0.3218193	-0.03113034
1863.3	0.3203575	-0.0515385
1863.4	0.3142642	-0.06995521
1863.5	0.309913	-0.08520807
1863.6	0.3051247	-0.08849999
1863.7	0.2999757	-0.09057289
1863.8	0.3022682	-0.09303937
1863.9	0.3025684	-0.1000336
1864	0.3007103	-0.1090516
1864.1	0.3038551	-0.1205914
1864.2	0.3061521	-0.1062706
1864.3	0.3070319	-0.08040749
1864.4	0.3094746	-0.04139059
1864.5	0.3127389	-0.009546713
1864.6	0.3170669	0.02246822
1864.7	0.3228905	0.06344745
1864.8	0.325421	0.08263762
1864.9	0.3209621	0.09111115
1865	0.3187415	0.09313101
1865.1	0.3159344	0.09300731
1865.2	0.3103962	0.09180027
1865.3	0.3087429	0.09100704
1865.4	0.3089997	0.07716487
1865.5	0.3115046	0.05414559
1865.6	0.3154915	0.02397524
1865.7	0.3183647	-0.0182484
1865.8	0.3140778	-0.06915972
1865.9	0.3098129	-0.09170794
1866	0.3058536	-0.1047286
1866.1	0.303646	-0.1085217
1866.2	0.3008831	-0.09276481
1866.3	0.2980112	-0.08715817
1866.4	0.2973182	-0.09384023
1866.5	0.2985536	-0.09507417
1866.6	0.3007811	-0.09061792
1866.7	0.2940673	-0.07857241
1866.8	0.2947229	-0.06099099
1866.9	0.302073	-0.05630447
1867	0.2972332	-0.07536854
1867.1	0.2951847	-0.0913033
1867.2	0.2962091	-0.1051888
1867.3	0.2959736	-0.115929
1867.4	0.295404	-0.1107889
1867.5	0.2944727	-0.1014468
1867.6	0.2964819	-0.09201878
1867.7	0.2984037	-0.09195726
1867.8	0.2996733	-0.1011773
1867.9	0.29924	-0.131878
1868	0.2993907	-0.1322916
1868.1	0.3012929	-0.119759
1868.2	0.3040963	-0.1085869
1868.3	0.3056282	-0.09821868
1868.4	0.3034143	-0.08982617
1868.5	0.2967128	-0.09230668
1868.6	0.2909953	-0.09040845
1868.7	0.2930512	-0.08568919
1868.8	0.2931465	-0.08216281
1868.9	0.2926712	-0.07354843
1869	0.2931564	-0.0605411
1869.1	0.2936405	-0.03838527
1869.2	0.2951845	-0.03159134
1869.3	0.3032419	-0.03991549
1869.4	0.3132176	-0.04347551
1869.5	0.3235608	-0.04215966
1869.6	0.3257294	-0.03514296
1869.7	0.3342016	-0.02084261
1869.8	0.3473769	-0.005778523
1869.9	0.358571	0.009622634
1870	0.3685287	0.01026122
1870.1	0.3773451	0.01945521
1870.2	0.3829339	0.04730266
1870.3	0.3913865	0.08645115
1870.4	0.4030572	0.1187717
1870.5	0.4128234	0.1311471
1870.6	0.4207681	0.1530214
1870.7	0.4263801	0.1754775
1870.8	0.4296935	0.192431
1870.9	0.4321871	0.2047505
1871	0.433744	0.2137956
1871.1	0.4278595	0.2168659
1871.2	0.4208921	0.1916842
1871.3	0.4143544	0.1579322
1871.4	0.4081787	0.1440112
1871.5	0.4037454	0.1480704
1871.6	0.4035655	0.1599616
1871.7	0.405637	0.1564003
1871.8	0.4077004	0.1350561
1871.9	0.407332	0.1027239
1872	0.4071823	0.08413348
1872.1	0.4066512	0.06698243
1872.2	0.4040283	0.05103083
1872.3	0.4021952	0.03557703
1872.4	0.4004745	0.02460921
1872.5	0.3968831	0.01812737
1872.6	0.3974511	0.00813252
1872.7	0.4005902	-0.000685227
1872.8	0.4030462	-0.007971131
1872.9	0.4069568	0.002910519
1873	0.4118267	0.01591954
1873.1	0.4127321	0.02998751
1873.2	0.4143262	0.04077511
1873.3	0.4165661	0.04653955
1873.4	0.4143627	0.04402635
1873.5	0.4168427	0.04752919
1873.6	0.4246874	0.04925878
1873.7	0.4239666	0.04427502
1873.8	0.4245651	0.04769184
1873.9	0.427687	0.05437154
1874	0.4276372	0.06375065
1874.1	0.4281877	0.05816901
1874.2	0.4303732	0.04532757
1874.3	0.4325407	0.02544829
1874.4	0.4352328	0.006757407
1874.5	0.4390261	-0.01055938
1874.6	0.4393319	-0.02361882
1874.7	0.4384353	-0.03396979
1874.8	0.4366712	-0.04225347
1874.9	0.4321777	-0.04639331
1875	0.4285373	-0.05246131
1875.1	0.4308335	-0.05926074
1875.2	0.4318252	-0.05787146
1875.3	0.4319971	-0.04639404
1875.4	0.4309334	-0.02646758
1875.5	0.4264598	-0.006893295
1875.6	0.4212645	0.005149496
1875.7	0.4230834	0.009539317
1875.8	0.4228399	0.03069125
1875.9	0.4209734	0.03606053
1876	0.415907	0.02138841
1876.1	0.4149841	0.000997418
1876.2	0.4173086	-0.01107978
1876.3	0.4194173	-0.009980717
1876.4	0.4213859	-0.01692993
1876.5	0.4232211	-0.02382238
1876.6	0.4238625	-0.0285131
1876.7	0.4265879	-0.01542114
1876.8	0.4317376	-0.003839308
1876.9	0.4344815	-0.004172183
1877	0.4362288	-0.00135874
1877.1	0.4367925	0.004071375
1877.2	0.4379413	0.01452712
1877.3	0.4384632	0.02638604
1877.4	0.4377873	0.03571762
1877.5	0.4398755	0.03346971
1877.6	0.4409222	0.03160727
1877.7	0.4386702	0.02923224
1877.8	0.4326232	0.02323123
1877.9	0.4306077	0.02620005
1878	0.4419853	-9999
1878.1	0.4436585	-9999
1878.2	0.4420997	-9999
1878.3	0.44067	-9999
1878.4	0.4329126	-9999
1878.5	0.4243286	-9999
1878.6	0.424572	-9999
1878.7	0.4195322	-9999
1878.8	0.4130217	-9999
1878.9	0.4157018	-9999
1879	0.4183552	-9999
1879.1	0.4207878	-9999
1879.2	0.4208815	-9999
1879.3	0.4193479	-9999
1879.4	0.416574	-9999
1879.5	0.4155881	-9999
1879.6	0.4165706	-9999
1879.7	0.4194593	-9999
1879.8	0.4189392	-9999
1879.9	0.4209141	-9999
1880	0.4258829	-9999
1880.1	0.4091091	-9999
1880.2	0.4042602	-9999
1880.3	0.4185523	-9999
1880.4	0.4192117	-9999
1880.5	0.4199621	-9999
1880.6	0.4238757	-9999
1880.7	0.4283693	-9999
1880.8	0.4317872	-9999
1880.9	0.4326374	-9999
1881	0.4301445	-9999
1881.1	0.4256473	-9999
1881.2	0.4180732	-9999
1881.3	0.4217385	-9999
1881.4	0.427719	-9999
1881.5	0.4281971	-9999
1881.6	0.4288831	-9999
1881.7	0.4295233	-9999
1881.8	0.4295059	-9999
1881.9	0.4280295	-9999
1882	0.4260409	-9999
1882.1	0.4260328	-9999
1882.2	0.4197809	-9999
1882.3	0.4100106	-9999
1882.4	0.4080744	-9999
1882.5	0.4047412	-9999
1882.6	0.4004959	-9999
1882.7	0.4039386	-9999
1882.8	0.4068739	-9999
1882.9	0.4093098	-9999
1883	0.416169	-9999
1883.1	0.4248316	-9999
1883.2	0.435538	-9999
1883.3	0.4402908	-9999
1883.4	0.44404	-9999
1883.5	0.4469635	-9999
1883.6	0.4450101	-9999
1883.7	0.444316	-9999
1883.8	0.4469981	-9999
1883.9	0.4513883	-9999
1884	0.4579257	-9999
1884.1	0.4684591	-9999
1884.2	0.4699433	-9999
1884.3	0.4710877	-9999
1884.4	0.4780714	-9999
1884.5	0.4748701	-9999
1884.6	0.4685128	-9999
1884.7	0.4636896	-9999
1884.8	0.4595983	-9999
1884.9	0.4556142	-9999
1885	0.4505483	-9999
1885.1	0.4493287	-9999
1885.2	0.4510728	-9999
1885.3	0.458959	-9999
1885.4	0.4635749	-9999
1885.5	0.4657145	-9999
1885.6	0.4645107	-9999
1885.7	0.4646998	-9999
1885.8	0.4659603	-9999
1885.9	0.4640739	-9999
1886	0.4603356	-9999
1886.1	0.4547453	-9999
1886.2	0.4589517	-9999
1886.3	0.4630497	-9999
1886.4	0.4667244	-9999
1886.5	0.4661246	-9999
1886.6	0.4667016	-9999
1886.7	0.469504	-9999
1886.8	0.4677795	-9999
1886.9	0.4667669	-9999
1887	0.4681586	-9999
1887.1	0.4661236	-9999
1887.2	0.463805	-9999
1887.3	0.4624043	-9999
1887.4	0.4616483	-9999
1887.5	0.4595517	-9999
1887.6	0.4531343	-9999
1887.7	0.448814	-9999
1887.8	0.443485	-9999
1887.9	0.4316107	-9999
1888	0.4269331	-9999
1888.1	0.4248421	-9999
1888.2	0.4192994	-9999
1888.3	0.4162397	-9999
1888.4	0.4150492	-9999
1888.5	0.4174589	-9999
1888.6	0.4192418	-9999
1888.7	0.420991	-9999
1888.8	0.4281986	-9999
1888.9	0.4339498	-9999
1889	0.4384473	-9999
1889.1	0.4413375	-9999
1889.2	0.4384016	-9999
1889.3	0.4295456	-9999
1889.4	0.4230482	-9999
1889.5	0.4182523	-9999
1889.6	0.4154693	-9999
1889.7	0.4186866	-9999
1889.8	0.4218122	-9999
1889.9	0.42406	-9999
1890	0.4278815	-9999
1890.1	0.4340164	-9999
1890.2	0.4440003	-9999
1890.3	0.4529347	-9999
1890.4	0.4591794	-9999
1890.5	0.4597652	-9999
1890.6	0.460598	-9999
1890.7	0.4595639	-9999
1890.8	0.452902	-9999
1890.9	0.4567223	-9999
1891	0.4635546	-9999
1891.1	0.4672428	-9999
1891.2	0.4621978	-9999
1891.3	0.4533584	-9999
1891.4	0.4457813	-9999
1891.5	0.4398935	-9999
1891.6	0.4355686	-9999
1891.7	0.4359691	-9999
1891.8	0.4411123	-9999
1891.9	0.4492631	-9999
1892	0.4527982	-9999
1892.1	0.4544253	-9999
1892.2	0.4544285	-9999
1892.3	0.4545076	-9999
1892.4	0.4556684	-9999
1892.5	0.4579462	-9999
1892.6	0.4558025	-9999
1892.7	0.4538518	-9999
1892.8	0.4523259	-9999
1892.9	0.4509097	-9999
1893	0.4531606	-9999
1893.1	0.4609902	-9999
1893.2	0.4654884	-9999
1893.3	0.4696807	-9999
1893.4	0.4742164	-9999
1893.5	0.4720884	-9999
1893.6	0.4690592	-9999
1893.7	0.4672483	-9999
1893.8	0.4660562	-9999
1893.9	0.4659134	-9999
1894	0.4683549	-9999
1894.1	0.4673627	-9999
1894.2	0.4663432	-9999
1894.3	0.4702232	-9999
1894.4	0.4708177	-9999
1894.5	0.4703901	-9999
1894.6	0.4727978	-9999
1894.7	0.472896	-9999
1894.8	0.4717809	-9999
1894.9	0.4717517	-9999
1895	0.4714696	-9999
1895.1	0.471113	-9999
1895.2	0.4724104	-9999
1895.3	0.4702652	-9999
1895.4	0.465154	-9999
1895.5	0.4612193	-9999
1895.6	0.4572584	-9999
1895.7	0.4532702	-9999
1895.8	0.4516709	-9999
1895.9	0.4483959	-9999
1896	0.4428744	-9999
1896.1	0.4383863	-9999
1896.2	0.4350557	-9999
1896.3	0.4333735	-9999
1896.4	0.4303035	-9999
1896.5	0.4281406	-9999
1896.6	0.4281099	-9999
1896.7	0.4299629	-9999
1896.8	0.4321322	-9999
1896.9	0.4340706	-9999
1897	0.4304795	-9999
1897.1	0.4283096	-9999
1897.2	0.4354006	-9999
1897.3	0.441361	-9999
1897.4	0.4474787	-9999
1897.5	0.4559498	-9999
1897.6	0.4544734	-9999
1897.7	0.446792	-9999
1897.8	0.4310918	-9999
1897.9	0.4214548	-9999
1898	0.415611	-9999
1898.1	0.4115035	-9999
1898.2	0.4105622	-9999
1898.3	0.4120431	-9999
1898.4	0.415706	-9999
1898.5	0.4217002	-9999
1898.6	0.4297023	-9999
1898.7	0.432379	-9999
1898.8	0.4375489	-9999
1898.9	0.445377	-9999
1899	0.4541097	-9999
1899.1	0.4636451	-9999
1899.2	0.47417	-9999
1899.3	0.4787535	-9999
1899.4	0.4841747	-9999
1899.5	0.4918215	-9999
1899.6	0.4962736	-9999
1899.7	0.4989334	-9999
1899.8	0.4990901	-9999
1899.9	0.4943129	-9999
1900	0.4903896	-9999
1900.1	0.4912342	-9999
1900.2	0.4887683	-9999
1900.3	0.4848357	-9999
1900.4	0.479457	-9999
1900.5	0.4716638	-9999
1900.6	0.4660282	-9999
1900.7	0.4730951	-9999
1900.8	0.4743407	-9999
1900.9	0.4727025	-9999
1901	0.4708199	-9999
1901.1	0.467438	-9999
1901.2	0.463416	-9999
1901.3	0.4617648	-9999
1901.4	0.4602082	-9999
1901.5	0.4586499	-9999
1901.6	0.4557933	-9999
1901.7	0.4528735	-9999
1901.8	0.449928	-9999
1901.9	0.4546693	-9999
1902	0.455076	-9999
1902.1	0.4507867	-9999
1902.2	0.4556865	-9999
1902.3	0.461176	-9999
1902.4	0.4668848	-9999
1902.5	0.4730552	-9999
1902.6	0.4738158	-9999
1902.7	0.4658233	-9999
1902.8	0.4646671	-9999
1902.9	0.4632247	-9999
1903	0.4590176	-9999
1903.1	0.4564469	-9999
1903.2	0.4548296	-9999
1903.3	0.4546326	-9999
1903.4	0.4576854	-9999
1903.5	0.4597087	-9999
1903.6	0.4552933	-9999
1903.7	0.4618681	-9999
1903.8	0.4718924	-9999
1903.9	0.4780878	-9999
1904	0.4856206	-9999
1904.1	0.4930575	-9999
1904.2	0.4959722	-9999
1904.3	0.493526	-9999
1904.4	0.4880501	-9999
1904.5	0.4849865	-9999
1904.6	0.4837975	-9999
1904.7	0.4837755	-9999
1904.8	0.4790831	-9999
1904.9	0.4750621	-9999
1905	0.471651	-9999
1905.1	0.4717193	-9999
1905.2	0.467923	-9999
1905.3	0.4598724	-9999
1905.4	0.4560682	-9999
1905.5	0.4496364	-9999
1905.6	0.4394069	-9999
1905.7	0.431136	-9999
1905.8	0.4240368	-9999
1905.9	0.4185104	-9999
1906	0.4085284	-9999
1906.1	0.3971338	-9999
1906.2	0.3844053	-9999
1906.3	0.3774776	-9999
1906.4	0.3719508	-9999
1906.5	0.3664811	-9999
1906.6	0.3654315	-9999
1906.7	0.3655059	-9999
1906.8	0.3647006	-9999
1906.9	0.3628703	-9999
1907	0.3621696	-9999
1907.1	0.3681383	-9999
1907.2	0.3697796	-9999
1907.3	0.3692234	-9999
1907.4	0.3686186	-9999
1907.5	0.3677738	-9999
1907.6	0.3666681	-9999
1907.7	0.3644642	-9999
1907.8	0.3623701	-9999
1907.9	0.3603075	-9999
1908	0.3571163	-9999
1908.1	0.3532778	-9999
1908.2	0.3488415	-9999
1908.3	0.3439181	-9999
1908.4	0.3403492	-9999
1908.5	0.3382979	-9999
1908.6	0.3374772	-9999
1908.7	0.3378222	-9999
1908.8	0.3396592	-9999
1908.9	0.3429927	-9999
1909	0.3453231	-9999
1909.1	0.3457129	-9999
1909.2	0.3470457	-9999
1909.3	0.3485161	-9999
1909.4	0.3499325	-9999
1909.5	0.3504293	-9999
1909.6	0.3494313	-9999
1909.7	0.3451659	-9999
1909.8	0.3443291	-9999
1909.9	0.3439673	-9999
1910	0.341515	-9999
1910.1	0.348649	-9999
1910.2	0.3574429	-9999
1910.3	0.3560649	-9999
1910.4	0.3513578	-9999
1910.5	0.3464291	-9999
1910.6	0.3509879	-9999
1910.7	0.3546647	-9999
1910.8	0.3575136	-9999
1910.9	0.3575783	-9999
1911	0.3591256	-9999
1911.1	0.3619737	-9999
1911.2	0.3685358	-9999
1911.3	0.370981	-9999
1911.4	0.3695648	-9999
1911.5	0.3631912	-9999
1911.6	0.3614006	-9999
1911.7	0.3648652	-9999
1911.8	0.3682445	-9999
1911.9	0.371355	-9999
1912	0.3741013	-9999
1912.1	0.372995	-9999
1912.2	0.3714609	-9999
1912.3	0.3699591	-9999
1912.4	0.3763014	-9999
1912.5	0.3824763	-9999
1912.6	0.3853682	-9999
1912.7	0.3826034	-9999
1912.8	0.3793661	-9999
1912.9	0.3785988	-9999
1913	0.377205	-9999
1913.1	0.3747938	-9999
1913.2	0.3696378	-9999
1913.3	0.367097	-9999
1913.4	0.3653835	-9999
1913.5	0.3624288	-9999
1913.6	0.3651767	-9999
1913.7	0.3703085	-9999
1913.8	0.3714523	-9999
1913.9	0.3703311	-9999
1914	0.3669964	-9999
1914.1	0.3554487	-9999
1914.2	0.3495711	-9999
1914.3	0.3482679	-9999
1914.4	0.3501575	-9999
1914.5	0.3533263	-9999
1914.6	0.3577145	-9999
1914.7	0.3554135	-9999
1914.8	0.3545442	-9999
1914.9	0.3554226	-9999
1915	0.3539417	-9999
1915.1	0.3547393	-9999
1915.2	0.3589471	-9999
1915.3	0.3605797	-9999
1915.4	0.3625953	-9999
1915.5	0.3658044	-9999
1915.6	0.3649037	-9999
1915.7	0.365338	-9999
1915.8	0.3702233	-9999
1915.9	0.3694448	-9999
1916	0.366074	-9999
1916.1	0.3596502	-9999
1916.2	0.3576705	-9999
1916.3	0.3571223	-9999
1916.4	0.3563455	-9999
1916.5	0.3554144	-9999
1916.6	0.3560482	-9999
1916.7	0.364318	-9999
1916.8	0.3714435	-9999
1916.9	0.3773727	-9999
1917	0.3793127	-9999
1917.1	0.3798695	-9999
1917.2	0.3795366	-9999
1917.3	0.3794018	-9999
1917.4	0.3755273	-9999
1917.5	0.3688982	-9999
1917.6	0.3692842	-9999
1917.7	0.3685857	-9999
1917.8	0.3668368	-9999
1917.9	0.3698722	-9999
1918	0.3704905	-9999
1918.1	0.3681802	-9999
1918.2	0.3703629	-9999
1918.3	0.3728088	-9999
1918.4	0.3751915	-9999
1918.5	0.3777457	-9999
1918.6	0.3785253	-9999
1918.7	0.3761667	-9999
1918.8	0.3762276	-9999
1918.9	0.3745925	-9999
1919	0.3682888	-9999
1919.1	0.3692646	-9999
1919.2	0.3712811	-9999
1919.3	0.3709186	-9999
1919.4	0.3691207	-9999
1919.5	0.3675029	-9999
1919.6	0.3682745	-9999
1919.7	0.3640698	-9999
1919.8	0.3602359	-9999
1919.9	0.3686509	-9999
1920	0.3708557	-9999
1920.1	0.369595	-9999
1920.2	0.3676821	-9999
1920.3	0.3678861	-9999
1920.4	0.3692298	-9999
1920.5	0.367272	-9999
1920.6	0.3651651	-9999
1920.7	0.3629031	-9999
1920.8	0.3594554	-9999
1920.9	0.3580593	-9999
1921	0.358682	-9999
1921.1	0.3592758	-9999
1921.2	0.3634818	-9999
1921.3	0.3719978	-9999
1921.4	0.378907	-9999
1921.5	0.3843517	-9999
1921.6	0.3878414	-9999
1921.7	0.3793103	-9999
1921.8	0.3713066	-9999
1921.9	0.3670453	-9999
1922	0.3628481	-9999
1922.1	0.3606013	-9999
1922.2	0.3626277	-9999
1922.3	0.3665424	-9999
1922.4	0.369365	-9999
1922.5	0.3677269	-9999
1922.6	0.3646681	-9999
1922.7	0.3620324	-9999
1922.8	0.3627438	-9999
1922.9	0.3627058	-9999
1923	0.3623376	-9999
1923.1	0.361986	-9999
1923.2	0.3606422	-9999
1923.3	0.3592627	-9999
1923.4	0.3616445	-9999
1923.5	0.3574957	-9999
1923.6	0.3495379	-9999
1923.7	0.3495427	-9999
1923.8	0.349301	-9999
1923.9	0.3488904	-9999
1924	0.3498852	-9999
1924.1	0.3478816	-9999
1924.2	0.3428797	-9999
1924.3	0.3440011	-9999
1924.4	0.3438296	-9999
1924.5	0.341908	-9999
1924.6	0.3451491	-9999
1924.7	0.3470282	-9999
1924.8	0.3463072	-9999
1924.9	0.3449448	-9999
1925	0.3443888	-9999
1925.1	0.3454497	-9999
1925.2	0.3491183	-9999
1925.3	0.3518094	-9999
1925.4	0.3511213	-9999
1925.5	0.3520158	-9999
1925.6	0.3524426	-9999
1925.7	0.3502976	-9999
1925.8	0.3495698	-9999
1925.9	0.3486096	-9999
1926	0.3448963	-9999
1926.1	0.3423529	-9999
1926.2	0.342157	-9999
1926.3	0.3512237	-9999
1926.4	0.3564711	-9999
1926.5	0.3602655	-9999
1926.6	0.3693576	-9999
1926.7	0.376926	-9999
1926.8	0.3836093	-9999
1926.9	0.392556	-9999
1927	0.4035189	-9999
1927.1	0.416159	-9999
1927.2	0.4281679	-9999
1927.3	0.4345434	-9999
1927.4	0.4351944	-9999
1927.5	0.4455022	-9999
1927.6	0.4544356	-9999
1927.7	0.4613329	-9999
1927.8	0.4707166	-9999
1927.9	0.4769102	-9999
1928	0.4780119	-9999
1928.1	0.4793607	-9999
1928.2	0.4791198	-9999
1928.3	0.4758879	-9999
1928.4	0.4770649	-9999
1928.5	0.4775664	-9999
1928.6	0.4744245	-9999
1928.7	0.4729917	-9999
1928.8	0.4705491	-9999
1928.9	0.4637704	-9999
1929	0.4530447	-9999
1929.1	0.4440125	-9999
1929.2	0.4469313	-9999
1929.3	0.4593874	-9999
1929.4	0.4742069	-9999
1929.5	0.4783027	-9999
1929.6	0.4822991	-9999
1929.7	0.4853764	-9999
1929.8	0.4816168	-9999
1929.9	0.4751734	-9999
1930	0.4669857	-9999
1930.1	0.4607884	-9999
1930.2	0.4585133	-9999
1930.3	0.4594965	-9999
1930.4	0.4553714	-9999
1930.5	0.4509296	-9999
1930.6	0.4461609	-9999
1930.7	0.4463488	-9999
1930.8	0.4456494	-9999
1930.9	0.4436338	-9999
1931	0.4507916	-9999
1931.1	0.4534684	-9999
1931.2	0.4480938	-9999
1931.3	0.4399045	-9999
1931.4	0.4358429	-9999
1931.5	0.4402889	-9999
1931.6	0.4414594	-9999
1931.7	0.4415858	-9999
1931.8	0.4409082	-9999
1931.9	0.4333184	-9999
1932	0.429158	-9999
1932.1	0.4410987	-9999
1932.2	0.4455097	-9999
1932.3	0.4471833	-9999
1932.4	0.4491525	-9999
1932.5	0.4473543	-9999
1932.6	0.4448807	-9999
1932.7	0.448345	-9999
1932.8	0.4545908	-9999
1932.9	0.462368	-9999
1933	0.4694178	-9999
1933.1	0.4803474	-9999
1933.2	0.4929762	-9999
1933.3	0.4889234	-9999
1933.4	0.4829727	-9999
1933.5	0.4754276	-9999
1933.6	0.471879	-9999
1933.7	0.4747426	-9999
1933.8	0.4843338	-9999
1933.9	0.4804715	-9999
1934	0.4774103	-9999
1934.1	0.4760084	-9999
1934.2	0.477179	-9999
1934.3	0.4761341	-9999
1934.4	0.471287	-9999
1934.5	0.4730055	-9999
1934.6	0.4755287	-9999
1934.7	0.4776825	-9999
1934.8	0.4734549	-9999
1934.9	0.4751852	-9999
1935	0.494417	-9999
1935.1	0.5009903	-9999
1935.2	0.5029031	-9999
1935.3	0.5020199	-9999
1935.4	0.5013447	-9999
1935.5	0.5009691	-9999
1935.6	0.5014753	-9999
1935.7	0.5016004	-9999
1935.8	0.5008836	-9999
1935.9	0.4964895	-9999
1936	0.4880968	-9999
1936.1	0.4780945	-9999
1936.2	0.4746298	-9999
1936.3	0.473418	-9999
1936.4	0.4739992	-9999
1936.5	0.4773088	-9999
1936.6	0.4790509	-9999
1936.7	0.4793552	-9999
1936.8	0.4723353	-9999
1936.9	0.4729986	-9999
1937	0.4818532	-9999
1937.1	0.4851632	-9999
1937.2	0.4892476	-9999
1937.3	0.4946327	-9999
1937.4	0.4914292	-9999
1937.5	0.4839899	-9999
1937.6	0.4711763	-9999
1937.7	0.4729552	-9999
1937.8	0.4746425	-9999
1937.9	0.471693	-9999
1938	0.4753747	-9999
1938.1	0.4832001	-9999
1938.2	0.4974473	-9999
1938.3	0.5037404	-9999
1938.4	0.4990531	-9999
1938.5	0.4677894	-9999
1938.6	0.4559118	-9999
1938.7	0.4531234	-9999
1938.8	0.4566943	-9999
1938.9	0.4568612	-9999
1939	0.455617	-9999
1939.1	0.4558132	-9999
1939.2	-9999	-9999
1939.3	-9999	-9999
1939.4	-9999	-9999
1939.5	-9999	-9999
1939.6	-9999	-9999
1939.7	-9999	-9999
1939.8	-9999	-9999
1939.9	-9999	-9999
1940	-9999	-9999
1940.1	-9999	-9999
1940.2	-9999	-9999
1940.3	-9999	-9999
1940.4	-9999	-9999
1940.5	-9999	-9999
1940.6	-9999	-9999
1940.7	-9999	-9999
1940.8	-9999	-9999
1940.9	-9999	-9999
1941	-9999	-9999
1941.1	-9999	-9999
1941.2	-9999	-9999
1941.3	-9999	-9999
1941.4	-9999	-9999
1941.5	-9999	-9999
1941.6	-9999	-9999
1941.7	-9999	-9999
1941.8	-9999	-9999
1941.9	-9999	-9999
1942	-9999	-9999
1942.1	-9999	-9999
1942.2	-9999	-9999
1942.3	-9999	-9999
1942.4	-9999	-9999
1942.5	-9999	-9999
1942.6	-9999	-9999
1942.7	-9999	-9999
1942.8	-9999	-9999
1942.9	-9999	-9999
1943	-9999	-9999
1943.1	-9999	-9999
1943.2	-9999	-9999
1943.3	-9999	-9999
1943.4	-9999	-9999
1943.5	-9999	-9999
1943.6	-9999	-9999
1943.7	-9999	-9999
1943.8	-9999	-9999
1943.9	-9999	-9999
1944	-9999	-9999
1944.1	-9999	-9999
1944.2	-9999	-9999
1944.3	-9999	-9999
1944.4	-9999	-9999
1944.5	-9999	-9999
1944.6	-9999	-9999
1944.7	-9999	-9999
1944.8	-9999	-9999
1944.9	-9999	-9999
1945	-9999	-9999
1945.1	-9999	-9999
1945.2	-9999	-9999
1945.3	-9999	-9999
1945.4	-9999	-9999
1945.5	-9999	-9999
1945.6	-9999	-9999
1945.7	-9999	-9999
1945.8	-9999	-9999
1945.9	-9999	-9999
1946	-9999	-9999
1946.1	-9999	-9999
1946.2	-9999	-9999
1946.3	-9999	-9999
1946.4	-9999	-9999
1946.5	-9999	-9999
1946.6	-9999	-9999
1946.7	-9999	-9999
1946.8	-9999	-9999
1946.9	-9999	-9999
1947	-9999	-9999
1947.1	-9999	-9999
1947.2	-9999	-9999
1947.3	-9999	-9999
1947.4	-9999	-9999
1947.5	-9999	-9999
1947.6	-9999	-9999
1947.7	-9999	-9999
1947.8	-9999	-9999
1947.9	-9999	-9999
1948	-9999	-9999
1948.1	-9999	-9999
1948.2	-9999	-9999
1948.3	-9999	-9999
1948.4	-9999	-9999
1948.5	-9999	-9999
1948.6	-9999	-9999
1948.7	-9999	-9999
1948.8	-9999	-9999
1948.9	-9999	-9999
1949	-9999	-9999
1949.1	-9999	-9999
1949.2	-9999	-9999
1949.3	-9999	-9999
1949.4	-9999	-9999
1949.5	-9999	-9999
1949.6	-9999	-9999
1949.7	-9999	-9999
1949.8	-9999	-9999
1949.9	-9999	-9999
1950	-9999	-9999
