深度        孔隙度     含水合物饱和度
1510	-9999	-9999
1510.1	-9999	-9999
1510.2	-9999	-9999
1510.3	-9999	-9999
1510.4	-9999	-9999
1510.5	-9999	-9999
1510.6	-9999	-9999
1510.7	-9999	-9999
1510.8	-9999	-9999
1510.9	-9999	-9999
1511	-9999	-9999
1511.1	-9999	-9999
1511.2	-9999	-9999
1511.3	-9999	-9999
1511.4	-9999	-9999
1511.5	-9999	-9999
1511.6	-9999	-9999
1511.7	-9999	-9999
1511.8	-9999	-9999
1511.9	-9999	-9999
1512	-9999	-9999
1512.1	-9999	-9999
1512.2	-9999	-9999
1512.3	-9999	-9999
1512.4	-9999	-9999
1512.5	-9999	-9999
1512.6	-9999	-9999
1512.7	-9999	-9999
1512.8	-9999	-9999
1512.9	-9999	-9999
1513	-9999	-9999
1513.1	-9999	-9999
1513.2	-9999	-9999
1513.3	-9999	-9999
1513.4	-9999	-9999
1513.5	-9999	-9999
1513.6	-9999	-9999
1513.7	-9999	-9999
1513.8	-9999	-9999
1513.9	-9999	-9999
1514	-9999	-9999
1514.1	-9999	-9999
1514.2	-9999	-9999
1514.3	-9999	-9999
1514.4	-9999	-9999
1514.5	-9999	-9999
1514.6	-9999	-9999
1514.7	-9999	-9999
1514.8	-9999	-9999
1514.9	-9999	-9999
1515	-9999	-9999
1515.1	-9999	-9999
1515.2	-9999	-9999
1515.3	-9999	-9999
1515.4	-9999	-9999
1515.5	-9999	-9999
1515.6	-9999	-9999
1515.7	-9999	-9999
1515.8	-9999	-9999
1515.9	-9999	-9999
1516	-9999	-9999
1516.1	-9999	-9999
1516.2	-9999	-9999
1516.3	-9999	-9999
1516.4	-9999	-9999
1516.5	-9999	-9999
1516.6	-9999	-9999
1516.7	-9999	-9999
1516.8	-9999	-9999
1516.9	-9999	-9999
1517	-9999	-9999
1517.1	-9999	-9999
1517.2	-9999	-9999
1517.3	-9999	-9999
1517.4	-9999	-9999
1517.5	-9999	-9999
1517.6	-9999	-9999
1517.7	-9999	-9999
1517.8	-9999	-9999
1517.9	-9999	-9999
1518	-9999	-0.06019448
1518.1	0.8861588	-0.0572335
1518.2	0.8833046	-0.05162517
1518.3	0.8795843	-0.04310254
1518.4	0.8737453	-0.03440505
1518.5	0.8646959	-0.03134492
1518.6	0.8512529	-0.03583061
1518.7	0.8376781	-0.03641595
1518.8	0.8251901	-0.04009577
1518.9	0.8098986	-0.04950029
1519	0.7947324	-0.07092462
1519.1	0.7814033	-0.09742123
1519.2	0.75779	-0.1300551
1519.3	0.7333929	-0.1673811
1519.4	0.7161934	-0.2044666
1519.5	0.7054352	-0.2381345
1519.6	0.6970033	-0.2762451
1519.7	0.6878383	-0.3143193
1519.8	0.6794315	-0.3477334
1519.9	0.6718858	-0.3614293
1520	0.6671662	-0.3631461
1520.1	0.664952	-0.3475729
1520.2	0.6646858	-0.3422233
1520.3	0.6683644	-0.3366274
1520.4	0.6820648	-0.2977374
1520.5	0.7025125	-0.2567192
1520.6	0.7114759	-0.2149375
1520.7	0.722611	-0.1787126
1520.8	0.7356949	-0.1331455
1520.9	0.7506138	-0.08075883
1521	0.7688463	-0.03457963
1521.1	0.7906685	-0.001234224
1521.2	0.8041071	0.02026461
1521.3	0.8105062	0.03018988
1521.4	0.8081571	0.04095194
1521.5	0.8003117	0.05270209
1521.6	0.7915292	0.06767233
1521.7	0.7821367	0.07880732
1521.8	0.761994	0.08449221
1521.9	0.7456045	0.07704363
1522	0.7400904	0.06743687
1522.1	0.7346733	0.05667021
1522.2	0.7320611	0.04272683
1522.3	0.7363277	0.02927767
1522.4	0.7339178	0.01797164
1522.5	0.7278937	0.01351865
1522.6	0.7169555	0.01151536
1522.7	0.7133527	0.01151536
1522.8	0.7144929	0.01151536
1522.9	0.7233481	0.01151536
1523	0.7305554	0.01151536
1523.1	0.7356335	0.01151536
1523.2	0.7329237	0.01151536
1523.3	0.7266798	0.01151536
1523.4	0.7183665	0.01151536
1523.5	0.7109658	0.01151536
1523.6	0.7097827	0.01151536
1523.7	0.7129242	0.01151536
1523.8	0.7095662	0.01151536
1523.9	0.707004	0.01151536
1524	0.7051646	0.01151536
1524.1	0.6976317	0.01151536
1524.2	0.6909288	0.01151536
1524.3	0.6851397	0.01151536
1524.4	0.6827436	0.01151536
1524.5	0.6810358	0.01151536
1524.6	0.6800191	0.01151536
1524.7	0.6823832	0.01151536
1524.8	0.6864718	0.01151536
1524.9	0.6927885	0.01151536
1525	0.6958385	0.01151536
1525.1	0.6990076	0.01151536
1525.2	0.7035225	0.01151536
1525.3	0.7142718	0.01151536
1525.4	0.726442	0.01151536
1525.5	0.7384595	0.01151536
1525.6	0.7392381	0.01151536
1525.7	0.7325306	0.01151536
1525.8	0.7130774	0.01151536
1525.9	0.7016414	0.01151536
1526	0.6937865	0.01151536
1526.1	0.6873928	0.01151536
1526.2	0.6805651	0.01151536
1526.3	0.6732262	0.01151536
1526.4	0.6640955	0.01151536
1526.5	0.6553902	0.01151536
1526.6	0.6481835	0.01151536
1526.7	0.6531506	0.01151536
1526.8	0.654285	0.01151536
1526.9	0.6527008	0.01151536
1527	0.6553835	0.01151536
1527.1	0.6555587	0.01151536
1527.2	0.6534194	0.01151536
1527.3	0.6573335	0.01151536
1527.4	0.6576344	0.01151536
1527.5	0.653866	0.01151536
1527.6	0.6489328	0.01151536
1527.7	0.6452149	0.01151536
1527.8	0.643235	0.01151536
1527.9	0.6432542	0.01151536
1528	0.6426903	0.01151536
1528.1	0.6407902	0.01151536
1528.2	0.6360414	0.01151536
1528.3	0.6330016	0.01151536
1528.4	0.6344769	0.01151536
1528.5	0.6365919	0.01151536
1528.6	0.6376455	0.01151536
1528.7	0.6355692	0.01151536
1528.8	0.6334647	0.01151536
1528.9	0.6309639	0.01151536
1529	0.6271814	0.01151536
1529.1	0.6303634	0.01151536
1529.2	0.6358936	0.01151536
1529.3	0.6390992	0.01151536
1529.4	0.6405416	0.01151536
1529.5	0.6401034	0.01151536
1529.6	0.6334884	0.01151536
1529.7	0.6282869	0.01151536
1529.8	0.6239617	0.01151536
1529.9	0.6194321	0.01151536
1530	0.6174871	0.01151536
1530.1	0.617523	0.01151536
1530.2	0.6171463	0.01151536
1530.3	0.6167731	0.01151536
1530.4	0.6164033	0.01151536
1530.5	0.6188151	0.01151536
1530.6	0.624018	0.01151536
1530.7	0.6323683	0.01151536
1530.8	0.6383448	0.01151536
1530.9	0.6447406	0.01151536
1531	0.6519097	0.01151536
1531.1	0.6533436	0.01151536
1531.2	0.6529838	0.01151536
1531.3	0.6507201	0.01151536
1531.4	0.6462849	0.01151536
1531.5	0.6432105	0.01151536
1531.6	0.643787	0.01151536
1531.7	0.6404106	0.01151536
1531.8	0.6346152	0.01151536
1531.9	0.6250665	0.01151536
1532	0.6180343	0.01151536
1532.1	0.6123149	0.01151536
1532.2	0.6082307	0.01151536
1532.3	0.6074793	0.01151536
1532.4	0.608585	0.01151536
1532.5	0.6117669	0.01151536
1532.6	0.6109175	0.01151536
1532.7	0.6074462	0.01151536
1532.8	0.6006343	0.01151536
1532.9	0.5987712	0.01151536
1533	0.5993625	0.01151536
1533.1	0.5919263	0.01151536
1533.2	0.5865473	0.01151536
1533.3	0.5827224	0.01151536
1533.4	0.5772315	0.01151536
1533.5	0.5760807	0.01151536
1533.6	0.5790667	0.01151536
1533.7	0.5813695	0.01151536
1533.8	0.5848113	0.01151536
1533.9	0.5895784	0.01151536
1534	0.5889586	0.01151536
1534.1	0.5867573	0.01353961
1534.2	0.5828187	0.01809695
1534.3	0.5854377	0.02562696
1534.4	0.5875443	0.02374986
1534.5	0.5874074	0.02119492
1534.6	0.5925359	0.01865234
1534.7	0.5968165	0.01542011
1534.8	0.597227	0.009818329
1534.9	0.5955488	0.000164869
1535	0.592145	-0.006757853
1535.1	0.5855553	-0.01146143
1535.2	0.5848121	-0.01245278
1535.3	0.5860353	-0.01794906
1535.4	0.5872468	-0.02400001
1535.5	0.5849062	-0.02821843
1535.6	0.5818713	-0.03533287
1535.7	0.5827138	-0.04278008
1535.8	0.5841357	-0.04774188
1535.9	0.5863397	-0.04658444
1536	0.5917654	-0.0427562
1536.1	0.5963643	-0.03918938
1536.2	0.5999046	-0.03422526
1536.3	0.5975047	-0.02878178
1536.4	0.5976726	-0.0254874
1536.5	0.5997224	-0.02931986
1536.6	0.596665	-0.03740849
1536.7	0.5922775	-0.03808911
1536.8	0.5866017	-0.04103526
1536.9	0.5785821	-0.04606804
1537	0.5712776	-0.05996539
1537.1	0.5648575	-0.07235748
1537.2	0.5692772	-0.08324429
1537.3	0.5760545	-0.07995804
1537.4	0.5851384	-0.07889101
1537.5	0.5875899	-0.08093707
1537.6	0.5912001	-0.06985396
1537.7	0.5982965	-0.05910677
1537.8	0.6038667	-0.05035791
1537.9	0.6102951	-0.0352738
1538	0.6192104	-0.01999859
1538.1	0.6192702	-0.005940472
1538.2	0.6167108	-0.002683362
1538.3	0.6133499	-0.003793861
1538.4	0.611736	-0.009817188
1538.5	0.6116778	-0.00997225
1538.6	0.6150037	-0.01008951
1538.7	0.6120893	-0.01470073
1538.8	0.6076191	-0.01632768
1538.9	0.6087807	-0.01743099
1539	0.6078893	-0.02056682
1539.1	0.6061252	-0.02487618
1539.2	0.6060735	-0.02848955
1539.3	0.6058555	-0.02584217
1539.4	0.6058573	-0.0207859
1539.5	0.60988	-0.01469645
1539.6	0.6092512	-0.01105949
1539.7	0.6048191	-0.008977335
1539.8	0.5994089	-0.008491883
1539.9	0.5969772	-0.01520411
1540	0.5974768	-0.02392559
1540.1	0.5947363	-0.03416006
1540.2	0.5942032	-0.03600355
1540.3	0.5963823	-0.03888105
1540.4	0.5976561	-0.04280924
1540.5	0.5982632	-0.04446547
1540.6	0.5979989	-0.04471049
1540.7	0.6037171	-0.04329735
1540.8	0.6116595	-0.03894043
1540.9	0.6221606	-0.03448865
1541	0.6277902	-0.03025778
1541.1	0.6313561	-0.02218575
1541.2	0.6324787	-0.01460727
1541.3	0.6318544	-0.00893832
1541.4	0.6303009	-0.005143931
1541.5	0.6274675	-0.002397812
1541.6	0.6281702	-0.001160155
1541.7	0.631099	0.004686134
1541.8	0.6375982	0.01230486
1541.9	0.6430752	0.02129699
1542	0.6477141	0.02621294
1542.1	0.6504555	0.02758197
1542.2	0.647218	0.02112796
1542.3	0.640763	0.01579993
1542.4	0.6349503	0.01000006
1542.5	0.6288289	-0.001007968
1542.6	0.6230291	-0.008474313
1542.7	0.6240702	-0.01403968
1542.8	0.6252116	-0.02060424
1542.9	0.6264169	-0.03031955
1543	0.6268614	-0.04154839
1543.1	0.6277531	-0.0426253
1543.2	0.6290922	-0.03935478
1543.3	0.6314998	-0.03252308
1543.4	0.6333944	-0.03443688
1543.5	0.6346353	-0.0378186
1543.6	0.6380126	-0.04271598
1543.7	0.6405556	-0.04900391
1543.8	0.6416229	-0.0518831
1543.9	0.6441737	-0.05043611
1544	0.6484666	-0.03779896
1544.1	0.6555448	-0.02949325
1544.2	0.6597052	-0.02927824
1544.3	0.6668928	-0.03312374
1544.4	0.6822053	-0.03228604
1544.5	0.692237	-0.02155735
1544.6	0.6976445	-0.01108405
1544.7	0.6940315	-0.006122713
1544.8	0.6789277	-0.0138953
1544.9	0.6635531	-0.01739708
1545	0.6624924	-0.02242132
1545.1	0.6629106	-0.03562394
1545.2	0.6643651	-0.04077932
1545.3	0.6676838	-0.04038995
1545.4	0.6705061	-0.03009708
1545.5	0.6723939	-0.01951416
1545.6	0.6692873	-0.01147326
1545.7	0.6642343	-0.01792383
1545.8	0.6578122	-0.01993013
1545.9	0.651011	-0.0199687
1546	0.6422184	-0.02512855
1546.1	0.6320298	-0.02789389
1546.2	0.6352302	-0.02866384
1546.3	0.6362261	-0.02489534
1546.4	0.634982	-0.02264144
1546.5	0.6346855	-0.02173303
1546.6	0.6313865	-0.02365382
1546.7	0.6243545	-0.02191746
1546.8	0.6192512	-0.01634407
1546.9	0.6147655	-0.01717588
1547	0.6109681	-0.0168694
1547.1	0.6150558	-0.01480976
1547.2	0.6192008	-0.006283684
1547.3	0.6213965	-0.000583391
1547.4	0.6240061	-0.000185681
1547.5	0.6247707	-0.006096859
1547.6	0.6211143	-0.01230383
1547.7	0.6202352	-0.0172453
1547.8	0.6190404	-0.02468436
1547.9	0.6146514	-0.02947397
1548	0.6058623	-0.02665821
1548.1	0.5961128	-0.02371923
1548.2	0.5888406	-0.02287862
1548.3	0.5852517	-0.02851113
1548.4	0.583366	-0.03770005
1548.5	0.5814887	-0.04654541
1548.6	0.5834463	-0.04859355
1548.7	0.5872274	-0.05033958
1548.8	0.5880641	-0.0521594
1548.9	0.5899681	-0.05519871
1549	0.5923125	-0.06274514
1549.1	0.5901577	-0.072418
1549.2	0.591333	-0.07740925
1549.3	0.5954124	-0.08139747
1549.4	0.6036522	-0.08388235
1549.5	0.6095597	-0.07326854
1549.6	0.6130589	-0.06141542
1549.7	0.6151175	-0.04849477
1549.8	0.6173809	-0.03838722
1549.9	0.6199604	-0.03153721
1550	0.6201741	-0.02816013
1550.1	0.6187532	-0.01519262
1550.2	0.615153	-0.004038875
1550.3	0.6058131	0.004251724
1550.4	0.5969738	0.005766639
1550.5	0.5906505	0.007114098
1550.6	0.593389	0.009228664
1550.7	0.5971841	0.01031058
1550.8	0.5989286	0.01327949
1550.9	0.5973015	0.02022689
1551	0.5937307	0.02070297
1551.1	0.5872793	0.01811763
1551.2	0.5803599	0.01164749
1551.3	0.5730969	0.01015767
1551.4	0.5651758	0.007788566
1551.5	0.5512695	-0.001966293
1551.6	0.535355	-0.01633541
1551.7	0.5238136	-0.03162456
1551.8	0.5151352	-0.04332679
1551.9	0.5082446	-0.05414472
1552	0.5023534	-0.0622618
1552.1	0.5049024	-0.05731556
1552.2	0.5127261	-0.05407981
1552.3	0.5089967	-0.05369221
1552.4	0.508366	-0.06966188
1552.5	0.5104241	-0.0732736
1552.6	0.512998	-0.06788638
1552.7	0.5137482	-0.06428324
1552.8	0.512585	-0.0624949
1552.9	0.5172529	-0.06230193
1553	0.5206764	-0.05540268
1553.1	0.5222393	-0.04820042
1553.2	0.5183684	-0.04066988
1553.3	0.5133645	-0.040129
1553.4	0.507376	-0.03581525
1553.5	0.5013062	-0.02611791
1553.6	0.4949681	-0.0273435
1553.7	0.4881419	-0.03124595
1553.8	0.4841561	-0.03766714
1553.9	0.4812517	-0.04621785
1554	0.4794363	-0.05521062
1554.1	0.4836676	-0.06439193
1554.2	0.4912259	-0.07159858
1554.3	0.5034577	-0.07903935
1554.4	0.5152829	-0.08818917
1554.5	0.5261112	-0.09959137
1554.6	0.5335718	-0.1096339
1554.7	0.5450376	-0.1131675
1554.8	0.5574728	-0.1102208
1554.9	0.5646071	-0.1039631
1555	0.5731683	-0.09458903
1555.1	0.5817364	-0.09573944
1555.2	0.5830836	-0.1026093
1555.3	0.5849043	-0.1123842
1555.4	0.5871596	-0.1156839
1555.5	0.590956	-0.1144651
1555.6	0.5961571	-0.1080701
1555.7	0.602549	-0.1055399
1555.8	0.6033668	-0.1061758
1555.9	0.6014335	-0.1122544
1556	0.5965672	-0.1168029
1556.1	0.5960403	-0.1199612
1556.2	0.5942003	-0.1114803
1556.3	0.5904276	-0.09885461
1556.4	0.589491	-0.08166614
1556.5	0.5882174	-0.0699712
1556.6	0.5859808	-0.06633978
1556.7	0.5848556	-0.07311467
1556.8	0.5865033	-0.0776094
1556.9	0.5931939	-0.07897035
1557	0.5967723	-0.07561333
1557.1	0.5997419	-0.06932206
1557.2	0.6029369	-0.06581488
1557.3	0.6030493	-0.06890262
1557.4	0.6022756	-0.07105005
1557.5	0.6016414	-0.07318297
1557.6	0.6017092	-0.07584263
1557.7	0.6013292	-0.07620998
1557.8	0.5979919	-0.07610215
1557.9	0.5915712	-0.0767994
1558	0.5844579	-0.08013595
1558.1	0.5820215	-0.08282828
1558.2	0.5820339	-0.07812709
1558.3	0.5840615	-0.06770013
1558.4	0.5909444	-0.0566099
1558.5	0.5874487	-0.0592433
1558.6	0.5765064	-0.06288774
1558.7	0.5690891	-0.06683716
1558.8	0.5630645	-0.06757605
1558.9	0.5582884	-0.07457133
1559	0.5544305	-0.08585912
1559.1	0.5530589	-0.08702516
1559.2	0.5543807	-0.09221805
1559.3	0.5534899	-0.101128
1559.4	0.5565937	-0.1107746
1559.5	0.5650839	-0.1095589
1559.6	0.5732269	-0.09618888
1559.7	0.5819219	-0.07771054
1559.8	0.5915591	-0.06528814
1559.9	0.5982594	-0.06147335
1560	0.6051759	-0.04781337
1560.1	0.6134642	-0.03295519
1560.2	0.623949	-0.01792392
1560.3	0.634584	-0.005947663
1560.4	0.6443331	0.00240451
1560.5	0.6524397	0.004418992
1560.6	0.660504	0.002835475
1560.7	0.6700411	-0.001342335
1560.8	0.6732373	-0.009935724
1560.9	0.6728864	-0.02077517
1561	0.6681921	-0.03141338
1561.1	0.6652855	-0.03898571
1561.2	0.6624831	-0.05595893
1561.3	0.6550182	-0.07600093
1561.4	0.6496119	-0.09245778
1561.5	0.645135	-0.0990812
1561.6	0.6375302	-0.1005065
1561.7	0.6305691	-0.1010905
1561.8	0.6243121	-0.09312423
1561.9	0.6224672	-0.07982042
1562	0.6237901	-0.06737804
1562.1	0.6279907	-0.0669785
1562.2	0.6294817	-0.07519042
1562.3	0.6317554	-0.06664417
1562.4	0.6348904	-0.05507685
1562.5	0.6320131	-0.04067582
1562.6	0.6300328	-0.04940253
1562.7	0.6296563	-0.05890688
1562.8	0.6250936	-0.06908317
1562.9	0.6220033	-0.07955582
1563	0.6220403	-0.08730558
1563.1	0.6192684	-0.09127088
1563.2	0.6171495	-0.08364134
1563.3	0.6172952	-0.07511654
1563.4	0.6197582	-0.0673524
1563.5	0.6218742	-0.06673121
1563.6	0.6217274	-0.05834637
1563.7	0.6196966	-0.03109195
1563.8	0.6163718	-0.01218119
1563.9	0.6107839	0
1564	0.6045529	0
1564.1	0.5977824	0
1564.2	0.5898052	0
1564.3	0.5851741	0
1564.4	0.5823499	0
1564.5	0.5802247	0
1564.6	0.575498	0
1564.7	0.5693823	0
1564.8	0.5655621	0
1564.9	0.5636069	0
1565	0.5630781	0
1565.1	0.562726	0
1565.2	0.5650695	0
1565.3	0.5699013	0
1565.4	0.5765601	0
1565.5	0.585496	0
1565.6	0.5969712	0
1565.7	0.5981739	0
1565.8	0.5989204	0
1565.9	0.5998124	0
1566	0.6012635	0
1566.1	0.6027535	0
1566.2	0.6042049	0
1566.3	0.606545	0
1566.4	0.6083751	0
1566.5	0.6088442	0
1566.6	0.6088692	0
1566.7	0.6087555	-0.08086818
1566.8	0.6085632	-0.1714629
1566.9	0.6084533	-0.2509638
1567	0.6083491	-0.284909
1567.1	0.6081763	-0.3068734
1567.2	0.6079898	-0.32802
1567.3	0.6078346	-0.3428793
1567.4	0.6078435	-0.3563151
1567.5	0.6068132	-0.372158
1567.6	0.6056319	-0.3743369
1567.7	0.6068924	-0.3734329
1567.8	0.607614	-0.3855121
1567.9	0.6080778	-0.4104761
1568	0.6094103	-0.4389118
1568.1	0.6102322	-0.4441478
1568.2	0.6109438	-0.4366679
1568.3	0.6184772	-0.4207652
1568.4	0.6228641	-0.4038741
1568.5	0.6242996	-0.3829063
1568.6	0.6257332	-0.3591996
1568.7	0.6271884	-0.351118
1568.8	0.6286682	-0.3377699
1568.9	0.6301671	-0.3193211
1569	0.6309153	-0.301838
1569.1	0.6306254	-0.2932045
1569.2	0.630702	-0.294941
1569.3	0.6308563	-0.3031984
1569.4	0.63107	-0.3094333
1569.5	0.6312562	-0.3121454
1569.6	0.6314448	-0.3177315
1569.7	0.6316488	-0.3211971
1569.8	0.6318746	-0.320324
1569.9	0.6320475	-0.329018
1570	0.6320672	-0.3353699
1570.1	0.6321013	-0.3327081
1570.2	0.6321313	-0.3277877
1570.3	0.6321315	-0.3226396
1570.4	0.6321181	-0.3184892
1570.5	0.6323979	-0.3097207
1570.6	0.6340387	-0.2992924
1570.7	0.6347718	-0.2886132
1570.8	0.6350065	-0.2847415
1570.9	0.6350955	-0.2856657
1571	0.6366614	-0.2953631
1571.1	0.6390505	-0.3141789
1571.2	0.640033	-0.3375788
1571.3	0.6392844	-0.3583726
1571.4	0.6372904	-0.3742294
1571.5	0.638369	-0.3888129
1571.6	0.6397224	-0.42793
1571.7	0.6413379	-0.4673939
1571.8	0.6420723	-0.5066004
1571.9	0.6412374	-0.5270986
1572	0.6386019	-0.5503131
1572.1	0.6323714	-0.5762008
1572.2	0.6282728	-0.583767
1572.3	0.6274891	-0.5774662
1572.4	0.6269898	-0.5550686
1572.5	0.6263553	-0.5432967
1572.6	0.6254293	-0.5320437
1572.7	0.6245379	-0.5204189
1572.8	0.6239361	-0.5052572
1572.9	0.6239358	-0.4889025
1573	0.6239675	-0.4712518
1573.1	0.6239966	-0.4329871
1573.2	0.6239964	-0.3951102
1573.3	0.6248038	-0.3670057
1573.4	0.6258806	-0.3325335
1573.5	0.6269481	-0.2853503
1573.6	0.6284955	-0.2075059
1573.7	0.6297502	-0.1293489
1573.8	0.6286711	-0.05582521
1573.9	0.6287346	0.000482746
1574	0.6291454	0.04487066
1574.1	0.6277681	0.07980439
1574.2	0.6271145	0.09419201
1574.3	0.6269714	0.1036372
1574.4	0.6272404	0.1094134
1574.5	0.624698	0.1083201
1574.6	0.6200016	0.09878568
1574.7	0.6180601	0.08302023
1574.8	0.6129235	0.06069117
1574.9	0.6046925	0.03543467
1575	0.6120735	0.007709638
1575.1	0.608264	-0.02220838
1575.2	0.5910196	-0.03927245
1575.3	0.5794637	-0.04348257
1575.4	0.5694337	0.002431674
1575.5	0.5610266	0.05779919
1575.6	0.5618947	0.1231334
1575.7	0.5504126	0.1848887
1575.8	0.5153077	0.2416584
1575.9	0.5027449	0.2914827
1576	0.4996207	0.3495216
1576.1	0.5076327	0.4185607
1576.2	0.5097914	0.5054727
1576.3	0.5077265	0.5747848
1576.4	0.4983244	0.6202995
1576.5	0.4905341	0.6203322
1576.6	0.4832712	0.6012058
1576.7	0.4759115	0.5801227
1576.8	0.4764804	0.5684937
1576.9	0.4819639	0.5470376
1577	0.494435	0.5180219
1577.1	0.5221805	0.4740099
1577.2	0.5547519	0.4249392
1577.3	0.5628008	0.3734621
1577.4	0.5627069	0.321413
1577.5	0.5573175	0.2664613
1577.6	0.5535417	0.2093946
1577.7	0.5558209	0.1486509
1577.8	0.5626088	0.08165295
1577.9	0.55532	0.01363846
1578	0.5507122	-0.00922932
1578.1	0.5487425	-0.02075763
1578.2	0.5530282	-0.02241651
1578.3	0.5594718	-0.006225009
1578.4	0.5683376	0.01061688
1578.5	0.5813803	0.02811964
1578.6	0.5878064	0.03586161
1578.7	0.5841898	0.04125722
1578.8	0.5869532	0.04410821
1578.9	0.5880959	0.05036325
1579	0.584869	0.05705481
1579.1	0.5817952	0.06398118
1579.2	0.5795967	0.06935712
1579.3	0.5792623	0.07138254
1579.4	0.5760704	0.06764398
1579.5	0.5729649	0.05675025
1579.6	0.5722431	0.04698286
1579.7	0.567359	0.04319714
1579.8	0.5611982	0.03965924
1579.9	0.5557112	0.03577157
1580	0.5498686	0.03066419
1580.1	0.54307	0.02541495
1580.2	0.5323202	0.02101387
1580.3	0.5248264	0.02004015
1580.4	0.5187706	0.01209681
1580.5	0.5100606	0.003185542
1580.6	0.5084376	0.006097067
1580.7	0.5115611	0.01095582
1580.8	0.5139462	0.01730638
1580.9	0.5136263	0.02664889
1581	0.5110125	0.03488834
1581.1	0.5058417	0.04160739
1581.2	0.5027012	0.03739427
1581.3	0.5015909	0.02714842
1581.4	0.5035564	0.01222295
1581.5	0.5094149	0.02554927
1581.6	0.5199015	0.03313538
1581.7	0.5234451	0.03479459
1581.8	0.5268397	0.02111487
1581.9	0.5308092	0.01139864
1582	0.530552	0.007280666
1582.1	0.5301395	0.001365571
1582.2	0.5304884	-0.007313357
1582.3	0.5268909	-0.01996947
1582.4	0.5240366	-0.01716988
1582.5	0.5246425	-0.01057874
1582.6	0.5189242	-0.001134489
1582.7	0.5127161	0.004655842
1582.8	0.5100728	0.009347065
1582.9	0.5093353	0.01329475
1583	0.5088118	0.01252731
1583.1	0.5065426	0.009843428
1583.2	0.5074314	0.005511036
1583.3	0.5093792	0.006286034
1583.4	0.5094247	0.009263868
1583.5	0.5121576	0.01339115
1583.6	0.5155347	0.008297855
1583.7	0.5123001	-0.000164587
1583.8	0.5145044	-0.00337937
1583.9	0.5195214	-0.01094493
1584	0.511711	-0.01992793
1584.1	0.5071489	-0.01969426
1584.2	0.5052967	-0.01837839
1584.3	0.5028186	-0.01761023
1584.4	0.5004305	-0.03750003
1584.5	0.4981339	-0.05604202
1584.6	0.5021784	-0.07323734
1584.7	0.5052469	-0.07561999
1584.8	0.506888	-0.07500087
1584.9	0.5093489	-0.07123236
1585	0.5099868	-0.06458192
1585.1	0.5077891	-0.0589701
1585.2	0.5055246	-0.05481714
1585.3	0.5034006	-0.05573433
1585.4	0.501553	-0.05311437
1585.5	0.4996558	-0.04428704
1585.6	0.5000027	-0.03718714
1585.7	0.5055108	-0.02963734
1585.8	0.5075793	-0.02072862
1585.9	0.5087017	-0.01944482
1586	0.5098939	-0.01908552
1586.1	0.5107239	-0.01694422
1586.2	0.5117253	-0.02181893
1586.3	0.5138835	-0.02571279
1586.4	0.5178828	-0.02034936
1586.5	0.5238079	-0.008409063
1586.6	0.5353792	0.00517327
1586.7	0.5402408	0.01529495
1586.8	0.5420977	0.01860746
1586.9	0.5505767	0.01940608
1587	0.5565534	0.02438715
1587.1	0.5604392	0.02577387
1587.2	0.5593892	0.02674893
1587.3	0.5611989	0.04252081
1587.4	0.5655752	0.05155118
1587.5	0.5779731	0.05562501
1587.6	0.5851566	0.05843887
1587.7	0.586956	0.06468608
1587.8	0.5884503	0.07388317
1587.9	0.5852854	0.0743441
1588	0.5762987	0.07144347
1588.1	0.5699898	0.06495902
1588.2	0.5672783	0.06070968
1588.3	0.5696986	0.05398049
1588.4	0.5697275	0.04392295
1588.5	0.5709977	0.04794566
1588.6	0.5752509	0.05250896
1588.7	0.573718	0.05578193
1588.8	0.5703823	0.05344003
1588.9	0.5657238	0.0470534
1589	0.5621724	0.03453086
1589.1	0.5598729	0.03347383
1589.2	0.5603405	0.0344316
1589.3	0.5539068	0.03400599
1589.4	0.5471123	0.02872228
1589.5	0.5489715	0.02269196
1589.6	0.5537164	0.01889535
1589.7	0.5591688	0.01658974
1589.8	0.5611016	0.01242539
1589.9	0.5591111	-0.001742102
1590	0.5550137	-0.006572703
1590.1	0.552384	-0.007629494
1590.2	0.551609	-0.01319658
1590.3	0.5520788	-0.01775501
1590.4	0.5513508	-0.02087729
1590.5	0.55053	-0.01654441
1590.6	0.5496241	-0.01450775
1590.7	0.5483075	-0.01446209
1590.8	0.5501308	-0.01989858
1590.9	0.5552484	-0.01883142
1591	0.5584444	-0.01197224
1591.1	0.5603434	-0.01055832
1591.2	0.560683	-0.007230646
1591.3	0.5604877	-0.001829739
1591.4	0.5579981	0.002248013
1591.5	0.5520257	0.003149097
1591.6	0.5452797	-4.65E-05
1591.7	0.5369982	-0.01154939
1591.8	0.5260131	-0.02113846
1591.9	0.5200601	-0.02630717
1592	0.5153916	-0.02214142
1592.1	0.511151	-0.01641443
1592.2	0.5098801	-0.01060504
1592.3	0.5096074	-0.007435102
1592.4	0.5097025	-0.001465573
1592.5	0.5075282	0.01293595
1592.6	0.5054832	0.02797875
1592.7	0.5074152	0.04112491
1592.8	0.5096533	0.04763776
1592.9	0.5118219	0.04861433
1593	0.5127858	0.0465771
1593.1	0.5107893	0.0410981
1593.2	0.5069163	0.03259589
1593.3	0.5019866	0.02160065
1593.4	0.498144	0.004717541
1593.5	0.4953549	-0.01246219
1593.6	0.4970514	-0.02884709
1593.7	0.4961187	-0.03603532
1593.8	0.4929067	-0.03785841
1593.9	0.4938844	-0.03549035
1594	0.495354	-0.02961814
1594.1	0.4973482	-0.02122834
1594.2	0.4973524	-0.01055158
1594.3	0.4956717	-0.0165409
1594.4	0.4919188	-0.02053276
1594.5	0.4884869	-0.02232572
1594.6	0.485542	-0.01670125
1594.7	0.4833163	-0.01057074
1594.8	0.4816314	-0.004263754
1594.9	0.4797146	-0.008869108
1595	0.4771822	-0.01139612
1595.1	0.4818369	-0.008641444
1595.2	0.4882367	-0.003687423
1595.3	0.4949384	-0.000937778
1595.4	0.4954568	-0.003367865
1595.5	0.4954548	0.000750458
1595.6	0.4996276	0.009156947
1595.7	0.5065773	0.02445143
1595.8	0.5122987	0.03442916
1595.9	0.5085528	0.04270104
1596	0.5022659	0.05088591
1596.1	0.496085	0.0546926
1596.2	0.4976538	0.05350963
1596.3	0.4942788	0.03842456
1596.4	0.4885733	0.02637243
1596.5	0.4887034	0.01707858
1596.6	0.4875487	0.0153007
1596.7	0.4853024	0.0107087
1596.8	0.4803959	0.004266439
1596.9	0.47775	-0.003123245
1597	0.4771388	-0.00714744
1597.1	0.4799903	-0.008746581
1597.2	0.4807176	-0.01327048
1597.3	0.4791437	-0.01571445
1597.4	0.48007	-0.01623849
1597.5	0.4824312	-0.006641991
1597.6	0.4865277	0.004896566
1597.7	0.4955036	0.01856213
1597.8	0.503041	0.03193455
1597.9	0.5074778	0.04120348
1598	0.5089864	0.04491972
1598.1	0.5088843	0.04964107
1598.2	0.5065408	0.05585083
1598.3	0.5118452	0.06434538
1598.4	0.5164081	0.06980248
1598.5	0.5147603	0.07191928
1598.6	0.5079553	0.0682736
1598.7	0.4987966	0.06062569
1598.8	0.4872296	0.05378251
1598.9	0.4778551	0.05151747
1599	0.4702851	0.05368871
1599.1	0.4666493	0.05386715
1599.2	0.4663451	0.04270893
1599.3	0.4675743	0.03322354
1599.4	0.4680758	0.0232519
1599.5	0.4665626	0.00806427
1599.6	0.4636225	-0.01132011
1599.7	0.4588745	-0.03167147
1599.8	0.4532564	-0.04443116
1599.9	0.4472348	-0.05443941
1600	0.4461251	-0.06143551
1600.1	0.447646	-0.05529294
1600.2	0.4515565	-0.05038397
1600.3	0.4517871	-0.04666528
1600.4	0.4520133	-0.04862621
1600.5	0.452235	-0.03874726
1600.6	0.4593261	-0.01776269
1600.7	0.4624451	-0.002260004
1600.8	0.4597926	0.007966035
1600.9	0.4629377	0.01224409
1601	0.4638949	0.02097384
1601.1	0.4602779	0.01879414
1601.2	0.4600111	0.001184334
1601.3	0.4594952	-0.0129522
1601.4	0.4573442	-0.01740058
1601.5	0.4610453	-0.006174275
1601.6	0.4636316	-0.009236674
1601.7	0.4599015	-0.01210727
1601.8	0.4606152	-0.009233995
1601.9	0.460764	-0.003001318
1602	0.4545412	-0.000295988
1602.1	0.4485109	-0.00904664
1602.2	0.4427575	-0.009515507
1602.3	0.4378636	-0.005009713
1602.4	0.4374892	0.00709227
1602.5	0.4387487	0.007428424
1602.6	0.4359959	0.001327518
1602.7	0.4372079	-0.01156146
1602.8	0.4410636	-0.02202412
1602.9	0.446619	-0.03068452
1603	0.4513043	-0.03586029
1603.1	0.4556282	-0.04570581
1603.2	0.4664779	-0.05829224
1603.3	0.4766067	-0.06793608
1603.4	0.48607	-0.07285982
1603.5	0.5000326	-0.07399245
1603.6	0.5137794	-0.07291687
1603.7	0.5272646	-0.06967099
1603.8	0.5370616	-0.06435655
1603.9	0.5453953	-0.0472527
1604	0.5520157	-0.02856646
1604.1	0.5544956	-0.008217709
1604.2	0.5541874	0.000985624
1604.3	0.5500157	0.007952301
1604.4	0.5465546	0.01277777
1604.5	0.5472102	0.01624229
1604.6	0.5560473	0.02350641
1604.7	0.5711482	0.03757892
1604.8	0.586688	0.04423359
1604.9	0.5994298	0.04583756
1605	0.6036136	0.03962233
1605.1	0.6051626	0.03168746
1605.2	0.6071327	0.02338874
1605.3	0.6079416	0.01529573
1605.4	0.6090233	0.009936105
1605.5	0.6134391	0.005959989
1605.6	0.616134	0.003586549
1605.7	0.6168071	-0.00823901
1605.8	0.6102687	-0.02053038
1605.9	0.6042227	-0.016037
1606	0.5983582	-0.01329219
1606.1	0.5911379	-0.01235234
1606.2	0.5856044	-0.01735073
1606.3	0.5813468	-0.02230407
1606.4	0.5764199	-0.02673007
1606.5	0.5745504	-0.02543126
1606.6	0.5755487	-0.02223032
1606.7	0.5743629	-0.01728913
1606.8	0.5740353	-0.005654109
1606.9	0.5747032	-0.001338267
1607	0.5740346	-0.004111079
1607.1	0.5746854	-1.22E-06
1607.2	0.5772676	0.002294827
1607.3	0.5811597	0.002330225
1607.4	0.5833536	0.005055613
1607.5	0.5824243	0.009929525
1607.6	0.5882813	0.01760727
1607.7	0.592406	0.02770937
1607.8	0.5903785	0.03366701
1607.9	0.583839	0.031849
1608	0.5758989	0.03400851
1608.1	0.5672436	0.03566182
1608.2	0.5611454	0.03457951
1608.3	0.5567422	0.04082746
1608.4	0.5552225	0.04788838
1608.5	0.5518484	0.05191166
1608.6	0.5484784	0.0549908
1608.7	0.5486791	0.05783323
1608.8	0.549373	0.0609882
1608.9	0.5501171	0.06472851
1609	0.5494904	0.06896082
1609.1	0.5479603	0.07433072
1609.2	0.5458434	0.07521807
1609.3	0.5436791	0.07171968
1609.4	0.5358163	0.0544401
1609.5	0.5239055	0.03909228
1609.6	0.5234922	0.02474074
1609.7	0.5199933	0.006844718
1609.8	0.5135536	-0.01420791
1609.9	0.5111734	-0.03704988
1610	0.5104102	-0.03307438
1610.1	0.5114579	-0.03083261
1610.2	0.5080782	-0.03029704
1610.3	0.5042689	-0.02962907
1610.4	0.5002534	-0.02477774
1610.5	0.500112	-0.01493897
1610.6	0.5025699	-0.004692662
1610.7	0.5086863	0.006737786
1610.8	0.5177864	0.01984326
1610.9	0.5250958	0.03476182
1611	0.5274279	0.04523781
1611.1	0.5321918	0.04739295
1611.2	0.5391734	0.04469835
1611.3	0.5504231	0.04134817
1611.4	0.5549987	0.03865028
1611.5	0.5571476	0.03112444
1611.6	0.5586788	0.02544414
1611.7	0.5558754	0.02853011
1611.8	0.5507197	0.02006786
1611.9	0.5432497	0.006871509
1612	0.5412827	-0.008780668
1612.1	0.5418499	-0.01921003
1612.2	0.5396721	-0.02655597
1612.3	0.5354156	-0.030144
1612.4	0.5292627	-0.03751994
1612.5	0.5169733	-0.04552666
1612.6	0.5106118	-0.04280352
1612.7	0.5091023	-0.033571
1612.8	0.5111712	-0.0189635
1612.9	0.5179069	0.008050565
1613	0.5291626	0.03189108
1613.1	0.5337647	0.05279046
1613.2	0.5370177	0.06053271
1613.3	0.5388138	0.06273042
1613.4	0.5272939	0.05938362
1613.5	0.5174459	0.04203304
1613.6	0.511283	0.02647997
1613.7	0.5079194	0.01352368
1613.8	0.5029342	0.003017428
1613.9	0.4944985	-0.005243435
1614	0.4852408	-0.01047223
1614.1	0.476099	-0.01728487
1614.2	0.4675471	-0.02232455
1614.3	0.4661728	-0.02376626
1614.4	0.4670718	-0.02451973
1614.5	0.4690312	-0.02459498
1614.6	0.4673952	-0.02345867
1614.7	0.4642021	-0.02396943
1614.8	0.4598747	-0.02413453
1614.9	0.4595785	-0.02202428
1615	0.4614677	-0.01453553
1615.1	0.4654012	-0.0046708
1615.2	0.4704009	0.006854434
1615.3	0.4761741	0.01197587
1615.4	0.4833204	0.01224693
1615.5	0.4885869	0.002596544
1615.6	0.4924259	-0.003100059
1615.7	0.4941447	-0.006190904
1615.8	0.4962771	-0.006372527
1615.9	0.498419	-0.004272563
1616	0.4892372	-0.001003371
1616.1	0.4839976	-0.00326061
1616.2	0.4826375	-0.00532716
1616.3	0.4809894	-0.007022642
1616.4	0.4789866	0.001631943
1616.5	0.4765676	0.01209159
1616.6	0.4772854	0.02438542
1616.7	0.4769579	0.0265303
1616.8	0.4747818	0.02519053
1616.9	0.4788049	0.01991739
1617	0.483457	0.01617177
1617.1	0.4877811	0.01147833
1617.2	0.4840122	0.005174685
1617.3	0.4792331	0.001964783
1617.4	0.4757271	-0.001124281
1617.5	0.4718548	-0.004797078
1617.6	0.4683027	-0.01480956
1617.7	0.4659181	-0.02391361
1617.8	0.4647872	-0.02792275
1617.9	0.4645453	-0.02343808
1618	0.4659317	-0.01674742
1618.1	0.4629243	-0.01060809
1618.2	0.4582426	-0.005268809
1618.3	0.4549541	-0.001482243
1618.4	0.4526935	-0.002492601
1618.5	0.451429	-0.003925548
1618.6	0.4533023	-0.007349156
1618.7	0.450684	-0.02019876
1618.8	0.4454431	-0.02533345
1618.9	0.4456424	-0.02506698
1619	0.443875	-0.01698546
1619.1	0.4404972	-0.01609411
1619.2	0.4376027	-0.0205893
1619.3	0.4368324	-0.03018168
1619.4	0.4381863	-0.03347784
1619.5	0.4410749	-0.03117547
1619.6	0.4444873	-0.01441585
1619.7	0.4484889	0.002820578
1619.8	0.4521233	0.02054932
1619.9	0.4548406	0.03189962
1620	0.456247	0.03874563
1620.1	0.4602202	0.04021518
1620.2	0.4635198	0.03132549
1620.3	0.4649677	0.02008313
1620.4	0.4626139	0.00662631
1620.5	0.4576656	-0.003531391
1620.6	0.4486133	-0.01391674
1620.7	0.4456787	-0.02563592
1620.8	0.4456081	-0.02702287
1620.9	0.4488917	-0.02483155
1621	0.4499298	-0.01944033
1621.1	0.4506167	-0.01191314
1621.2	0.4529918	-0.005472314
1621.3	0.4552002	-0.004086238
1621.4	0.4575358	0.009431276
1621.5	0.4609054	0.02586283
1621.6	0.4613025	0.03597875
1621.7	0.4601784	0.04200499
1621.8	0.4602032	0.04550167
1621.9	0.4589804	0.04572511
1622	0.456878	0.04785071
1622.1	0.4545057	0.05037457
1622.2	0.4522131	0.04703986
1622.3	0.4500374	0.04870556
1622.4	0.4503177	0.05290833
1622.5	0.4491709	0.04105468
1622.6	0.4465742	0.03094894
1622.7	0.4519337	0.02236464
1622.8	0.452904	0.01446401
1622.9	0.4481837	0.004296117
1623	0.4436096	-0.008250541
1623.1	0.444253	-0.01266926
1623.2	0.4527045	-0.01297641
1623.3	0.4597472	-0.008436995
1623.4	0.4655891	-0.01042237
1623.5	0.4695875	-0.0158424
1623.6	0.4647502	-0.0256616
1623.7	0.4596416	-0.01673738
1623.8	0.4581139	-0.007506406
1623.9	0.456741	-0.003126049
1624	0.4566263	-0.0019163
1624.1	0.4600412	-0.002740874
1624.2	0.4576056	-0.006748515
1624.3	0.4542505	-0.009286137
1624.4	0.45555	-0.007869739
1624.5	0.4549195	0.004219816
1624.6	0.4543745	0.0190275
1624.7	0.4589591	0.0321527
1624.8	0.4583444	0.03440318
1624.9	0.4552812	0.04028712
1625	0.4563987	0.04774604
1625.1	0.4527915	0.05427609
1625.2	0.4461317	0.05649956
1625.3	0.4432418	0.05545154
1625.4	0.4375542	0.04819643
1625.5	0.429695	0.04015569
1625.6	0.4348501	0.03186284
1625.7	0.4383948	0.02891027
1625.8	0.4402767	0.0229631
1625.9	0.441483	0.01444242
1626	0.4409292	0.01346779
1626.1	0.4381995	0.01471511
1626.2	0.4413856	0.0183313
1626.3	0.4433636	0.01529316
1626.4	0.4427146	0.015084
1626.5	0.4413401	0.01889302
1626.6	0.4388929	0.02214487
1626.7	0.4346354	0.02428838
1626.8	0.4362869	0.02476845
1626.9	0.4381605	0.02895337
1627	0.4376073	0.03337273
1627.1	0.4346391	0.03711519
1627.2	0.4341784	0.03704663
1627.3	0.4432299	0.03540929
1627.4	0.4515901	0.03205185
1627.5	0.4587743	0.02534624
1627.6	0.4623777	0.02072381
1627.7	0.4657912	0.02568962
1627.8	0.4680682	0.03454093
1627.9	0.4646805	0.04286598
1628	0.4614559	0.04283399
1628.1	0.4596987	0.04828484
1628.2	0.469278	0.05536276
1628.3	0.4716742	0.0564013
1628.4	0.4690571	0.05717755
1628.5	0.4680589	0.05824536
1628.6	0.4637128	0.06335972
1628.7	0.4565403	0.05826221
1628.8	0.455254	0.04536055
1628.9	0.4535904	0.02722488
1629	0.4515309	0.01663268
1629.1	0.4514568	0.01275551
1629.2	0.4479297	0.001813659
1629.3	0.4399134	-0.003592902
1629.4	0.4432761	-0.003002896
1629.5	0.4459126	-0.002618189
1629.6	0.4458042	-0.009798497
1629.7	0.4492901	-0.02691298
1629.8	0.4537367	-0.03393805
1629.9	0.4589729	-0.03255691
1630	0.4671633	-0.01933072
1630.1	0.4740591	-0.000322134
1630.2	0.4763334	0.01583369
1630.3	0.4711	0.02449167
1630.4	0.4635596	0.02013144
1630.5	0.4557469	0.01375138
1630.6	0.4513171	0.00982927
1630.7	0.4492217	0.01412149
1630.8	0.4513054	0.02019628
1630.9	0.4511566	0.02388071
1631	0.4503039	0.02365522
1631.1	0.4514939	0.01849694
1631.2	0.4471909	-0.000893661
1631.3	0.4398122	-0.009797063
1631.4	0.4339685	-0.01154133
1631.5	0.4309821	-0.001712156
1631.6	0.4305453	-0.002703036
1631.7	0.4382088	-0.01092286
1631.8	0.4418168	-0.0247672
1631.9	0.4418775	-0.03158269
1632	0.4444611	-0.03316865
1632.1	0.4458572	-0.03534632
1632.2	0.4459872	-0.03406619
1632.3	0.4477508	-0.02964501
1632.4	0.4485001	-0.02203375
1632.5	0.4478492	-0.01832886
1632.6	0.4540206	-0.01892425
1632.7	0.4556579	-0.02330709
1632.8	0.4491048	-0.02792864
1632.9	0.4460984	-0.032614
1633	0.4421503	-0.04366839
1633.1	0.4352903	-0.05332696
1633.2	0.4310678	-0.05960462
1633.3	0.4256425	-0.07174198
1633.4	0.4158591	-0.08398427
1633.5	0.4124797	-0.09445432
1633.6	0.4133458	-0.08666343
1633.7	0.4213724	-0.07754117
1633.8	0.4218266	-0.07600203
1633.9	0.4189686	-0.07521863
1634	0.4146032	-0.06937503
1634.1	0.416131	-0.04637747
1634.2	0.4206204	-0.02632123
1634.3	0.4256001	-0.01182392
1634.4	0.4238091	-0.0161978
1634.5	0.4190772	-0.01774204
1634.6	0.4245956	-0.01837472
1634.7	0.4221082	-0.02220356
1634.8	0.4148752	-0.01451333
1634.9	0.4285646	-0.000179578
1635	0.4367618	0.008852279
1635.1	0.4400376	0.01266183
1635.2	0.4403927	0.01202533
1635.3	0.4385255	0.001086537
1635.4	0.4342507	-0.006356004
1635.5	0.4336413	-0.01057123
1635.6	0.4330169	-0.01407534
1635.7	0.4321508	-0.01840793
1635.8	0.4370424	-0.02367049
1635.9	0.4395112	-0.03382103
1636	0.4371576	-0.04243311
1636.1	0.435066	-0.04859098
1636.2	0.4328779	-0.05234438
1636.3	0.4304149	-0.05643228
1636.4	0.4207326	-0.06151868
1636.5	0.4094534	-0.07402332
1636.6	0.3983587	-0.08487982
1636.7	0.3974607	-0.0897195
1636.8	0.4009304	-0.07643919
1636.9	0.4082566	-0.05563018
1637	0.412269	-0.02682046
1637.1	0.415179	-0.005114877
1637.2	0.4189819	0.01236589
1637.3	0.4208125	0.02345129
1637.4	0.4216093	0.02580856
1637.5	0.4220877	0.02197346
1637.6	0.4198368	0.006640621
1637.7	0.4165418	-0.006637096
1637.8	0.4191668	-0.01875048
1637.9	0.4225194	-0.03019282
1638	0.4265496	-0.04549262
1638.1	0.4332173	-0.06275401
1638.2	0.4397538	-0.07499938
1638.3	0.4461711	-0.08341516
1638.4	0.4472506	-0.08898867
1638.5	0.4445875	-0.097399
1638.6	0.4378043	-0.09993729
1638.7	0.4350955	-0.0969677
1638.8	0.4319694	-0.08855359
1638.9	0.4280108	-0.08108111
1639	0.4224673	-0.07472898
1639.1	0.4163367	-0.07486799
1639.2	0.4095227	-0.07143617
1639.3	0.4050313	-0.06254143
1639.4	0.4047776	-0.05474257
1639.5	0.4122641	-0.04673881
1639.6	0.4196369	-0.03817435
1639.7	0.4270329	-0.02037703
1639.8	0.4345555	-0.005252679
1639.9	0.438331	0.000841781
1640	0.4399183	0.002888434
1640.1	0.4382523	0.005416355
1640.2	0.4340802	0.01186127
1640.3	0.4297352	0.01840528
1640.4	0.4290219	0.02428981
1640.5	0.4245566	0.0278307
1640.6	0.4194767	0.0320776
1640.7	0.4222857	0.03625008
1640.8	0.4221026	0.0387313
1640.9	0.420387	0.03436834
1641	0.4219547	0.02789345
1641.1	0.4240631	0.03113167
1641.2	0.4260809	0.0297088
1641.3	0.4171972	0.02448639
1641.4	0.4137448	0.01060187
1641.5	0.4153059	0.005021006
1641.6	0.4114065	0.005957738
1641.7	0.412048	0.006714799
1641.8	0.417794	0.005866555
1641.9	0.4134741	0.003488256
1642	0.4121893	0.00869023
1642.1	0.4157776	0.01047109
1642.2	0.415746	0.008193617
1642.3	0.4171408	0.0109627
1642.4	0.4215701	0.01380617
1642.5	0.4264863	0.01630186
1642.6	0.4289103	0.004299766
1642.7	0.4260553	-0.00825792
1642.8	0.4197355	-0.01875518
1642.9	0.4133251	-0.03400592
1643	0.4088534	-0.04777617
1643.1	0.4043674	-0.05653333
1643.2	0.4010739	-0.05210016
1643.3	0.4017435	-0.04432705
1643.4	0.3992059	-0.03666235
1643.5	0.3960771	-0.04218736
1643.6	0.3961929	-0.04987338
1643.7	0.40132	-0.0496519
1643.8	0.4083491	-0.04869274
1643.9	0.4110603	-0.04672933
1644	0.4149253	-0.04154426
1644.1	0.4190801	-0.04075337
1644.2	0.418659	-0.04272525
1644.3	0.4173415	-0.04754067
1644.4	0.4153346	-0.05671701
1644.5	0.413411	-0.06687853
1644.6	0.4130663	-0.05548955
1644.7	0.4142025	-0.04739233
1644.8	0.4115461	-0.04177132
1644.9	0.4094963	-0.03153796
1645	0.4081709	-0.01896057
1645.1	0.4067197	-0.004112952
1645.2	0.4086684	-0.002277365
1645.3	0.4153225	-0.001273076
1645.4	0.4191375	-0.000996283
1645.5	0.4240462	0.01250544
1645.6	0.4313574	0.02605716
1645.7	0.435594	0.03838966
1645.8	0.4387107	0.03593803
1645.9	0.4406404	0.03134573
1646	0.4390099	0.02627121
1646.1	0.4367421	0.01732469
1646.2	0.4351374	0.007224471
1646.3	0.4276037	-0.003776617
1646.4	0.4194983	-0.006322941
1646.5	0.416078	-0.01005872
1646.6	0.4100186	-0.0231081
1646.7	0.4031449	-0.04697582
1646.8	0.3976166	-0.07084158
1646.9	0.3957645	-0.0815027
1647	0.3954351	-0.09151435
1647.1	0.3924423	-0.1007673
1647.2	0.3937351	-0.1077335
1647.3	0.3972565	-0.1160685
1647.4	0.3949468	-0.1246464
1647.5	0.3967385	-0.1296872
1647.6	0.4020325	-0.1268199
1647.7	0.4148235	-0.1182446
1647.8	0.4270069	-0.1043713
1647.9	0.4386112	-0.08562612
1648	0.4551384	-0.06305233
1648.1	0.4720182	-0.04482567
1648.2	0.4892362	-0.03016077
1648.3	0.5032993	-0.0190011
1648.4	0.5151099	-0.005832609
1648.5	0.5240412	-0.002230084
1648.6	0.523373	-0.01008849
1648.7	0.523625	-0.01138778
1648.8	0.5274537	-0.009246088
1648.9	0.5223551	-0.002805969
1649	0.5215499	-0.000864636
1649.1	0.5333744	0
1649.2	0.529058	0
1649.3	0.5234463	0
1649.4	0.5254387	0
1649.5	0.5232397	0
1649.6	0.5210459	0
1649.7	0.5237623	0
1649.8	0.5249726	0
1649.9	0.5265391	0
1650	0.5327953	0
1650.1	0.5453817	0
1650.2	0.5582252	0
1650.3	0.5498016	0
1650.4	0.5439034	0
1650.5	0.539531	0
1650.6	0.5336626	0
1650.7	0.5267962	0
1650.8	0.5193418	0
1650.9	0.5182093	0
1651	0.5175923	0
1651.1	0.5174746	0
1651.2	0.5164374	0
1651.3	0.5160763	0
1651.4	0.5165264	0
1651.5	0.5160847	0
1651.6	0.5140556	0
1651.7	0.5098479	0
1651.8	0.5075176	0
1651.9	0.5054152	0
1652	0.5032973	0
1652.1	0.4955671	0
1652.2	0.4878044	0
1652.3	0.4822854	0
1652.4	0.4746192	0
1652.5	0.4688654	0
1652.6	0.4698759	0
1652.7	0.4679451	0
1652.8	0.4667962	0
1652.9	0.4720075	0
1653	0.475872	0
1653.1	0.4797302	0.005681215
1653.2	0.4863895	0.01165764
1653.3	0.4892531	0.01115679
1653.4	0.4906861	0.009857769
1653.5	0.496579	0.007689305
1653.6	0.4983003	0.002933881
1653.7	0.4973381	-0.001313376
1653.8	0.4975603	-0.005013544
1653.9	0.4947761	-0.006722831
1654	0.4896201	-0.006363853
1654.1	0.486826	-0.004918582
1654.2	0.4846402	-0.008121431
1654.3	0.4830529	-0.007947656
1654.4	0.4832609	-0.004713796
1654.5	0.4855861	0.009774406
1654.6	0.4903936	0.01811715
1654.7	0.4862803	0.02021532
1654.8	0.4832387	0.01476098
1654.9	0.4826968	0.01755562
1655	0.4801007	0.03078226
1655.1	0.479328	0.05123511
1655.2	0.4822759	0.06561276
1655.3	0.4847417	0.06998608
1655.4	0.4860024	0.07307294
1655.5	0.4848142	0.07211736
1655.6	0.4737059	0.06405523
1655.7	0.4615503	0.06070145
1655.8	0.453915	0.06050644
1655.9	0.4498335	0.06530412
1656	0.446012	0.05537952
1656.1	0.4386029	0.0413831
1656.2	0.432606	0.02762092
1656.3	0.4270152	0.01961423
1656.4	0.4203231	0.01419058
1656.5	0.4194016	0.0105788
1656.6	0.4218785	0.01111398
1656.7	0.4258833	0.01381067
1656.8	0.4306164	0.01779707
1656.9	0.4357305	0.01983239
1657	0.439393	0.02118001
1657.1	0.4432641	0.02592864
1657.2	0.4471419	0.02426982
1657.3	0.444285	0.01869467
1657.4	0.4457909	0.02150302
1657.5	0.4516596	0.02603332
1657.6	0.4519006	0.03206443
1657.7	0.4511328	0.04018405
1657.8	0.4493098	0.04202484
1657.9	0.4442283	0.03738261
1658	0.4427338	0.03585096
1658.1	0.4469039	0.03495946
1658.2	0.4479566	0.03474081
1658.3	0.4516537	0.03170665
1658.4	0.4609035	0.02916725
1658.5	0.4633643	0.0277559
1658.6	0.4655201	0.01959833
1658.7	0.4700707	-0.001795428
1658.8	0.4619771	-0.04613267
1658.9	0.4528438	-9999
1659	0.4506658	-9999
1659.1	0.4503937	-9999
1659.2	0.4509364	-9999
1659.3	0.4519668	-9999
1659.4	0.450669	-9999
1659.5	0.4495191	-9999
1659.6	0.4545049	-9999
1659.7	0.4560571	-9999
1659.8	0.4558816	-9999
1659.9	0.4572579	-9999
1660	0.4570802	-9999
1660.1	0.4556977	-9999
1660.2	0.4524785	-9999
1660.3	0.4504218	-9999
1660.4	0.4494174	-9999
1660.5	0.4522418	-9999
1660.6	0.4521983	-9999
1660.7	0.4492407	-9999
1660.8	0.4518264	-9999
1660.9	0.4474706	-9999
1661	0.4343651	-9999
1661.1	0.4351995	-9999
1661.2	0.4338029	-9999
1661.3	0.4273399	-9999
1661.4	0.4313313	-9999
1661.5	0.4345334	-9999
1661.6	0.4335584	-9999
1661.7	0.4332249	-9999
1661.8	0.4310911	-9999
1661.9	0.42453	-9999
1662	0.4257932	-9999
1662.1	0.4286851	-9999
1662.2	0.429897	-9999
1662.3	0.4337848	-9999
1662.4	0.4402183	-9999
1662.5	0.4526145	-9999
1662.6	0.4577325	-9999
1662.7	0.4592701	-9999
1662.8	0.4596635	-9999
1662.9	0.4589821	-9999
1663	0.4579312	-9999
1663.1	0.4588279	-9999
1663.2	0.4596589	-9999
1663.3	0.4601609	-9999
1663.4	0.4565283	-9999
1663.5	0.4495102	-9999
1663.6	0.4396894	-9999
1663.7	0.4348612	-9999
1663.8	0.4329157	-9999
1663.9	0.4339465	-9999
1664	0.4345048	-9999
1664.1	0.4372566	-9999
1664.2	0.4427747	-9999
1664.3	0.4470638	-9999
1664.4	0.4492992	-9999
1664.5	0.4485653	-9999
1664.6	0.4496545	-9999
1664.7	0.4502665	-9999
1664.8	0.4494836	-9999
1664.9	0.4491429	-9999
1665	0.4482218	-9999
1665.1	0.445726	-9999
1665.2	0.4460185	-9999
1665.3	0.4476442	-9999
1665.4	0.4508384	-9999
1665.5	0.4451402	-9999
1665.6	0.4380395	-9999
1665.7	0.4384302	-9999
1665.8	0.4345847	-9999
1665.9	0.4281942	-9999
1666	0.4188209	-9999
1666.1	0.4138121	-9999
1666.2	0.4114663	-9999
1666.3	0.4101253	-9999
1666.4	0.409495	-9999
1666.5	0.4096135	-9999
1666.6	0.4135346	-9999
1666.7	0.4142383	-9999
1666.8	0.41222	-9999
1666.9	0.4154094	-9999
1667	0.4163836	-9999
1667.1	0.4150338	-9999
1667.2	0.4215492	-9999
1667.3	0.4270721	-9999
1667.4	0.430958	-9999
1667.5	0.4315032	-9999
1667.6	0.4311997	-9999
1667.7	0.4300549	-9999
1667.8	0.4284116	-9999
1667.9	0.4265883	-9999
1668	0.4245663	-9999
1668.1	0.426546	-9999
1668.2	0.429189	-9999
1668.3	0.4313203	-9999
1668.4	0.4322391	-9999
1668.5	0.4322994	-9999
1668.6	0.4308426	-9999
1668.7	0.4286335	-9999
1668.8	0.4269433	-9999
1668.9	0.4284759	-9999
1669	0.4257256	-9999
1669.1	0.4222325	-9999
1669.2	0.4260482	-9999
1669.3	0.4293012	-9999
1669.4	0.4324646	-9999
1669.5	0.4377266	-9999
1669.6	0.4389562	-9999
1669.7	0.4371696	-9999
1669.8	0.4337579	-9999
1669.9	0.4293347	-9999
1670	0.4240528	-9999
1670.1	0.4226374	-9999
1670.2	0.4245025	-9999
1670.3	0.429865	-9999
1670.4	0.4389593	-9999
1670.5	0.4438091	-9999
1670.6	0.4429671	-9999
1670.7	0.4460839	-9999
1670.8	0.4484482	-9999
1670.9	0.4490228	-9999
1671	0.4475584	-9999
1671.1	0.4438333	-9999
1671.2	0.4363426	-9999
1671.3	0.431497	-9999
1671.4	0.4286329	-9999
1671.5	0.4291274	-9999
1671.6	0.4308315	-9999
1671.7	0.4317122	-9999
1671.8	0.4289096	-9999
1671.9	0.4259987	-9999
1672	0.4238986	-9999
1672.1	0.4252981	-9999
1672.2	0.4219497	-9999
1672.3	0.4178193	-9999
1672.4	0.4225276	-9999
1672.5	0.4240096	-9999
1672.6	0.4233906	-9999
1672.7	0.4213595	-9999
1672.8	0.4174066	-9999
1672.9	0.4122761	-9999
1673	0.4114695	-9999
1673.1	0.4083133	-9999
1673.2	0.4031116	-9999
1673.3	0.4115393	-9999
1673.4	0.4143358	-9999
1673.5	0.4110321	-9999
1673.6	0.4064533	-9999
1673.7	0.4015765	-9999
1673.8	0.3963848	-9999
1673.9	0.3994689	-9999
1674	0.4021273	-9999
1674.1	0.4027576	-9999
1674.2	0.4067472	-9999
1674.3	0.4117668	-9999
1674.4	0.4177413	-9999
1674.5	0.4275385	-9999
1674.6	0.4359054	-9999
1674.7	0.4385479	-9999
1674.8	0.4419665	-9999
1674.9	0.4449126	-9999
1675	0.4456037	-9999
1675.1	0.44925	-9999
1675.2	0.4515462	-9999
1675.3	0.4432277	-9999
1675.4	0.4340284	-9999
1675.5	0.4252295	-9999
1675.6	0.4214144	-9999
1675.7	0.4211256	-9999
1675.8	0.4229776	-9999
1675.9	0.4246362	-9999
1676	0.4248942	-9999
1676.1	0.4242054	-9999
1676.2	0.4255228	-9999
1676.3	0.4281558	-9999
1676.4	0.4319839	-9999
1676.5	0.430614	-9999
1676.6	0.428766	-9999
1676.7	0.4263917	-9999
1676.8	0.4223049	-9999
1676.9	0.4224125	-9999
1677	0.4282413	-9999
1677.1	0.4229152	-9999
1677.2	0.4179552	-9999
1677.3	0.4155252	-9999
1677.4	0.4156934	-9999
1677.5	0.4165787	-9999
1677.6	0.4180275	-9999
1677.7	0.4223287	-9999
1677.8	0.4264928	-9999
1677.9	0.4286028	-9999
1678	0.4254724	-9999
1678.1	0.4214669	-9999
1678.2	0.4199859	-9999
1678.3	0.4197065	-9999
1678.4	0.4197966	-9999
1678.5	0.4193829	-9999
1678.6	0.4204784	-9999
1678.7	0.4222452	-9999
1678.8	0.4234441	-9999
1678.9	0.4216912	-9999
1679	0.4188205	-9999
1679.1	0.4230785	-9999
1679.2	0.4236982	-9999
1679.3	0.4218989	-9999
1679.4	0.4276667	-9999
1679.5	0.4331138	-9999
1679.6	0.4382651	-9999
1679.7	0.4377328	-9999
1679.8	0.4391988	-9999
1679.9	0.4429257	-9999
1680	0.4459936	-9999
1680.1	0.4476108	-9999
1680.2	0.4473063	-9999
1680.3	0.4399958	-9999
1680.4	0.4335864	-9999
1680.5	0.4299645	-9999
1680.6	0.4267996	-9999
1680.7	0.424726	-9999
1680.8	0.424726	-9999
1680.9	0.4265859	-9999
1681	0.4293035	-9999
1681.1	0.4330603	-9999
1681.2	0.4323429	-9999
1681.3	0.431632	-9999
1681.4	0.4357233	-9999
1681.5	0.4363368	-9999
1681.6	0.4338806	-9999
1681.7	0.4241724	-9999
1681.8	0.417284	-9999
1681.9	0.4130092	-9999
1682	0.4161107	-9999
1682.1	0.4196029	-9999
1682.2	0.4234588	-9999
1682.3	0.4285146	-9999
1682.4	0.4312918	-9999
1682.5	0.4321645	-9999
1682.6	0.4296063	-9999
1682.7	0.4299876	-9999
1682.8	0.4331262	-9999
1682.9	0.4297968	-9999
1683	0.4273215	-9999
1683.1	0.4258761	-9999
1683.2	0.4210718	-9999
1683.3	0.4165399	-9999
1683.4	0.4126594	-9999
1683.5	0.4078384	-9999
1683.6	-9999	-9999
1683.7	-9999	-9999
1683.8	-9999	-9999
1683.9	-9999	-9999
1684	-9999	-9999
1684.1	-9999	-9999
1684.2	-9999	-9999
1684.3	-9999	-9999
1684.4	-9999	-9999
1684.5	-9999	-9999
1684.6	-9999	-9999
1684.7	-9999	-9999
1684.8	-9999	-9999
1684.9	-9999	-9999
1685	-9999	-9999
1685.1	-9999	-9999
1685.2	-9999	-9999
1685.3	-9999	-9999
1685.4	-9999	-9999
1685.5	-9999	-9999
1685.6	-9999	-9999
1685.7	-9999	-9999
1685.8	-9999	-9999
1685.9	-9999	-9999
1686	-9999	-9999
1686.1	-9999	-9999
1686.2	-9999	-9999
1686.3	-9999	-9999
1686.4	-9999	-9999
1686.5	-9999	-9999
1686.6	-9999	-9999
1686.7	-9999	-9999
1686.8	-9999	-9999
1686.9	-9999	-9999
1687	-9999	-9999
1687.1	-9999	-9999
1687.2	-9999	-9999
1687.3	-9999	-9999
1687.4	-9999	-9999
1687.5	-9999	-9999
1687.6	-9999	-9999
1687.7	-9999	-9999
1687.8	-9999	-9999
1687.9	-9999	-9999
1688	-9999	-9999
1688.1	-9999	-9999
1688.2	-9999	-9999
1688.3	-9999	-9999
1688.4	-9999	-9999
1688.5	-9999	-9999
1688.6	-9999	-9999
1688.7	-9999	-9999
1688.8	-9999	-9999
1688.9	-9999	-9999
1689	-9999	-9999
1689.1	-9999	-9999
1689.2	-9999	-9999
1689.3	-9999	-9999
1689.4	-9999	-9999
1689.5	-9999	-9999
1689.6	-9999	-9999
1689.7	-9999	-9999
1689.8	-9999	-9999
1689.9	-9999	-9999
1690	-9999	-9999
1690.1	-9999	-9999
1690.2	-9999	-9999
1690.3	-9999	-9999
1690.4	-9999	-9999
1690.5	-9999	-9999
1690.6	-9999	-9999
1690.7	-9999	-9999
1690.8	-9999	-9999
1690.9	-9999	-9999
1691	-9999	-9999
1691.1	-9999	-9999
1691.2	-9999	-9999
1691.3	-9999	-9999
1691.4	-9999	-9999
1691.5	-9999	-9999
1691.6	-9999	-9999
1691.7	-9999	-9999
1691.8	-9999	-9999
1691.9	-9999	-9999
1692	-9999	-9999
1692.1	-9999	-9999
1692.2	-9999	-9999
1692.3	-9999	-9999
1692.4	-9999	-9999
1692.5	-9999	-9999
1692.6	-9999	-9999
1692.7	-9999	-9999
1692.8	-9999	-9999
1692.9	-9999	-9999
1693	-9999	-9999
1693.1	-9999	-9999
1693.2	-9999	-9999
1693.3	-9999	-9999
1693.4	-9999	-9999
1693.5	-9999	-9999
1693.6	-9999	-9999
1693.7	-9999	-9999
1693.8	-9999	-9999
1693.9	-9999	-9999
1694	-9999	-9999
1694.1	-9999	-9999
1694.2	-9999	-9999
1694.3	-9999	-9999
1694.4	-9999	-9999
1694.5	-9999	-9999
