深度        孔隙度     含水合物饱和度
1769.9736	-9999	-9999
1770.126	-9999	-9999
1770.2784	-9999	-9999
1770.4308	-9999	-9999
1770.5832	-9999	-9999
1770.7356	-9999	-9999
1770.888	-9999	-9999
1771.0404	-9999	-9999
1771.1928	-9999	-9999
1771.3452	-9999	-9999
1771.4976	-9999	-9999
1771.65	-9999	-9999
1771.8024	-9999	-9999
1771.9548	-9999	-9999
1772.1072	-9999	-9999
1772.2596	-9999	-9999
1772.412	-9999	-9999
1772.5644	-9999	-9999
1772.7168	-9999	-9999
1772.8692	-9999	-9999
1773.0216	-9999	-9999
1773.174	-9999	-9999
1773.3264	-9999	-9999
1773.4788	-9999	-9999
1773.6312	-9999	-9999
1773.7836	-9999	-9999
1773.936	-9999	-9999
1774.0884	-9999	-9999
1774.2408	-9999	-9999
1774.3932	-9999	-9999
1774.5456	-9999	-9999
1774.698	-9999	-9999
1774.8504	-9999	-9999
1775.0028	-9999	-9999
1775.1552	-9999	-9999
1775.3076	-9999	-9999
1775.46	-9999	-9999
1775.6124	-9999	-9999
1775.7648	-9999	-9999
1775.9172	-9999	-9999
1776.0696	-9999	-9999
1776.222	-9999	-9999
1776.3744	-9999	-9999
1776.5268	-9999	-9999
1776.6792	-9999	-9999
1776.8316	-9999	-9999
1776.984	-9999	-9999
1777.1364	-9999	-9999
1777.2888	-9999	-9999
1777.4412	-9999	-9999
1777.5936	-9999	-9999
1777.746	-9999	-9999
1777.8984	-9999	-9999
1778.0508	-9999	-9999
1778.2032	-9999	-9999
1778.3556	-9999	-9999
1778.508	-9999	-9999
1778.6604	-9999	-9999
1778.8128	-9999	-9999
1778.9652	-9999	-9999
1779.1176	-9999	-9999
1779.27	-9999	-9999
1779.4224	-9999	-9999
1779.5748	-9999	-9999
1779.7272	-9999	-9999
1779.8796	-9999	-9999
1780.032	-9999	-9999
1780.1844	-9999	-9999
1780.3368	-9999	-9999
1780.4892	-9999	-9999
1780.6416	-9999	-9999
1780.794	-9999	-9999
1780.9464	-9999	-9999
1781.0988	-9999	-9999
1781.2512	-9999	-9999
1781.4036	-9999	-9999
1781.556	-9999	-9999
1781.7084	-9999	-9999
1781.8608	-9999	-9999
1782.0132	-9999	-9999
1782.1656	-9999	-9999
1782.318	-9999	-9999
1782.4704	-9999	-9999
1782.6228	-9999	-9999
1782.7752	-9999	-9999
1782.9276	-9999	-9999
1783.08	-9999	-9999
1783.2324	-9999	-9999
1783.3848	-9999	-9999
1783.5372	-9999	-9999
1783.6896	-9999	-9999
1783.842	-9999	-9999
1783.9944	-9999	-9999
1784.1468	-9999	-9999
1784.2992	-9999	-9999
1784.4516	-9999	-9999
1784.604	-9999	-9999
1784.7564	-9999	-9999
1784.9088	-9999	-9999
1785.0612	0.5916	-9999
1785.2136	0.5973	-9999
1785.366	0.596	-9999
1785.5184	0.5936	-9999
1785.6708	0.6014	-9999
1785.8232	0.5976	-9999
1785.9756	0.6199	-9999
1786.128	0.6147	-9999
1786.2804	0.6209	-9999
1786.4328	0.6266	-9999
1786.5852	0.6199	-9999
1786.7376	0.62	-9999
1786.89	0.6224	-9999
1787.0424	0.6341	-9999
1787.1948	0.6264	-9999
1787.3472	0.6216	-9999
1787.4996	0.6195	-9999
1787.652	0.6154	-9999
1787.8044	0.6202	-9999
1787.9568	0.622	-9999
1788.1092	0.6187	-9999
1788.2616	0.6103	-9999
1788.414	0.6114	-9999
1788.5664	0.6079	-9999
1788.7188	0.6144	-9999
1788.8712	0.6179	-9999
1789.0236	0.6176	-9999
1789.176	0.618	-9999
1789.3284	0.6516	-9999
1789.4808	0.6734	-9999
1789.6332	0.6739	-9999
1789.7856	0.6662	-9999
1789.938	0.6587	-9999
1790.0904	0.6653	-9999
1790.2428	0.6467	-9999
1790.3952	0.6422	-9999
1790.5476	0.6227	-9999
1790.7	0.6045	-9999
1790.8524	0.5857	-9999
1791.0048	0.5834	-9999
1791.1572	0.5803	-9999
1791.3096	0.584	-9999
1791.462	0.5852	-9999
1791.6144	0.5796	-9999
1791.7668	0.5786	-9999
1791.9192	0.5905	-9999
1792.0716	0.5934	-9999
1792.224	0.5935	-9999
1792.3764	0.5929	-9999
1792.5288	0.5692	-9999
1792.6812	0.5742	-9999
1792.8336	0.5722	-9999
1792.986	0.5804	-9999
1793.1384	0.566	-9999
1793.2908	0.5616	-9999
1793.4432	0.5638	-9999
1793.5956	0.5855	-9999
1793.748	0.5658	-9999
1793.9004	0.5769	-9999
1794.0528	0.5778	-9999
1794.2052	0.5835	-9999
1794.3576	0.5869	-9999
1794.51	0.5876	-9999
1794.6624	0.5887	-9999
1794.8148	0.5957	-9999
1794.9672	0.5887	-9999
1795.1196	0.587	-9999
1795.272	0.5963	-9999
1795.4244	0.5851	-9999
1795.5768	0.5965	-9999
1795.7292	0.5906	-9999
1795.8816	0.604	-9999
1796.034	0.6002	-9999
1796.1864	0.6068	-9999
1796.3388	0.5969	-9999
1796.4912	0.6212	-9999
1796.6436	0.6096	-9999
1796.796	0.6031	-9999
1796.9484	0.5956	-9999
1797.1008	0.5908	-9999
1797.2532	0.6013	-9999
1797.4056	0.5994	-9999
1797.558	0.5923	-9999
1797.7104	0.5977	-9999
1797.8628	0.6131	-9999
1798.0152	0.5894	-9999
1798.1676	0.5841	-9999
1798.32	0.5996	-9999
1798.4724	0.6129	-9999
1798.6248	0.6152	-9999
1798.7772	0.5869	-9999
1798.9296	0.592	-9999
1799.082	0.5968	-9999
1799.2344	0.5982	-9999
1799.3868	0.5925	-9999
1799.5392	0.591	-9999
1799.6916	0.593	-9999
1799.844	0.5894	-9999
1799.9964	0.5702	0.0301
1800.1488	0.5818	0.0301
1800.3012	0.5869	0.0177
1800.4536	0.5866	0.0054
1800.606	0.5836	0.0054
1800.7584	0.6009	0.0054
1800.9108	0.5981	0.0054
1801.0632	0.6281	0.0054
1801.2156	0.6028	0.0054
1801.368	0.5976	0.0054
1801.5204	0.6105	0.0054
1801.6728	0.6009	0.0054
1801.8252	0.6005	0.0054
1801.9776	0.6121	0.0054
1802.13	0.607	0.0054
1802.2824	0.5983	0.0301
1802.4348	0.5781	0.0301
1802.5872	0.5811	0.0301
1802.7396	0.5944	0.0301
1802.892	0.5763	0.0301
1803.0444	0.5837	0.0301
1803.1968	0.5636	0.0301
1803.3492	0.5803	0.0239
1803.5016	0.5724	0.0177
1803.654	0.5838	0.0115
1803.8064	0.5726	0.0054
1803.9588	0.579	0.0155
1804.1112	0.5598	0.0236
1804.2636	0.5573	0.0179
1804.416	0.5551	0.0053
1804.5684	0.555	0
1804.7208	0.5572	0
1804.8732	0.5484	0
1805.0256	0.541	0
1805.178	0.544	0
1805.3304	0.5315	0
1805.4828	0.5433	0.0013
1805.6352	0.5493	0
1805.7876	0.5447	0
1805.94	0.5675	0
1806.0924	0.5531	0
1806.2448	0.5481	0
1806.3972	0.5617	0
1806.5496	0.5363	0
1806.702	0.5385	0
1806.8544	0.5311	0
1807.0068	0.5328	0
1807.1592	0.5216	0
1807.3116	0.5058	0
1807.464	0.5043	0
1807.6164	0.5	0
1807.7688	0.5085	0
1807.9212	0.5065	0
1808.0736	0.5154	0
1808.226	0.5125	0
1808.3784	0.5194	0
1808.5308	0.5205	0
1808.6832	0.5112	0
1808.8356	0.5493	0
1808.988	0.5721	0
1809.1404	0.5756	0
1809.2928	0.593	0
1809.4452	0.6095	0
1809.5976	0.6094	0
1809.75	0.6098	0
1809.9024	0.6027	0
1810.0548	0.6137	0
1810.2072	0.6096	0
1810.3596	0.6102	0
1810.512	0.6058	0
1810.6644	0.6174	0
1810.8168	0.6401	0
1810.9692	0.6446	0
1811.1216	0.6455	0
1811.274	0.6526	0
1811.4264	0.6673	0
1811.5788	0.6646	0
1811.7312	0.6426	0
1811.8836	0.6312	0
1812.036	0.6231	0
1812.1884	0.6326	0
1812.3408	0.6353	0
1812.4932	0.6451	0
1812.6456	0.6444	0
1812.798	0.6474	0
1812.9504	0.6488	0
1813.1028	0.6447	0
1813.2552	0.6344	0
1813.4076	0.6322	0
1813.56	0.6283	0
1813.7124	0.6229	0
1813.8648	0.6346	0
1814.0172	0.6329	0
1814.1696	0.6364	0
1814.322	0.6394	0
1814.4744	0.6208	0
1814.6268	0.6434	0
1814.7792	0.6254	0
1814.9316	0.6292	0
1815.084	0.6309	0
1815.2364	0.6133	0
1815.3888	0.6289	0
1815.5412	0.6206	0
1815.6936	0.5958	0
1815.846	0.5982	0
1815.9984	0.5814	0
1816.1508	0.5834	0
1816.3032	0.6562	0
1816.4556	0.5913	0
1816.608	0.6085	0
1816.7604	0.5934	0
1816.9128	0.5977	0
1817.0652	0.5876	0
1817.2176	0.5772	0
1817.37	0.5697	0
1817.5224	0.5547	0
1817.6748	0.5451	0
1817.8272	0.5628	0
1817.9796	0.5488	0
1818.132	0.5517	0
1818.2844	0.5541	0
1818.4368	0.5589	0
1818.5892	0.564	0
1818.7416	0.5642	0
1818.894	0.5588	0
1819.0464	0.5558	0
1819.1988	0.5561	0
1819.3512	0.5556	0
1819.5036	0.5665	0
1819.656	0.5694	0
1819.8084	0.5524	0
1819.9608	0.5324	0
1820.1132	0.5266	0
1820.2656	0.532	0
1820.418	0.5313	0
1820.5704	0.5124	0
1820.7228	0.5224	0
1820.8752	0.5249	0
1821.0276	0.5439	0
1821.18	0.524	0
1821.3324	0.535	0
1821.4848	0.538	0
1821.6372	0.5483	0
1821.7896	0.5619	0
1821.942	0.5435	0
1822.0944	0.5696	0
1822.2468	0.5643	0
1822.3992	0.5498	0
1822.5516	0.5546	0
1822.704	0.5455	0
1822.8564	0.5395	0
1823.0088	0.5367	0
1823.1612	0.5382	0
1823.3136	0.5454	0
1823.466	0.537	0
1823.6184	0.5457	0
1823.7708	0.5473	0
1823.9232	0.5328	0
1824.0756	0.5287	0
1824.228	0.5331	0
1824.3804	0.5416	0
1824.5328	0.5329	0
1824.6852	0.5461	0
1824.8376	0.5578	0
1824.99	0.5625	0
1825.1424	0.5407	0
1825.2948	0.553	0
1825.4472	0.5473	0
1825.5996	0.5455	0
1825.752	0.5478	0
1825.9044	0.5263	0
1826.0568	0.5423	0
1826.2092	0.5481	0
1826.3616	0.5549	0
1826.514	0.5422	0
1826.6664	0.5337	0
1826.8188	0.5471	0
1826.9712	0.5365	0
1827.1236	0.5226	0
1827.276	0.5176	0
1827.4284	0.5312	0
1827.5808	0.5368	0
1827.7332	0.5249	0
1827.8856	0.5434	0
1828.038	0.5513	0
1828.1904	0.5302	0
1828.3428	0.5225	0
1828.4952	0.5379	0
1828.6476	0.5465	0
1828.8	0.5405	0
1828.9524	0.5361	0
1829.1048	0.5598	0
1829.2572	0.5528	0
1829.4096	0.55	0
1829.562	0.5358	0
1829.7144	0.5352	0
1829.8668	0.5484	0
1830.0192	0.5358	0
1830.1716	0.5414	0
1830.324	0.5329	0
1830.4764	0.538	0
1830.6288	0.5508	0
1830.7812	0.5493	0
1830.9336	0.5305	0
1831.086	0.5369	0
1831.2384	0.5413	0.0006
1831.3908	0.5343	0.0034
1831.5432	0.5347	0.0058
1831.6956	0.5315	0
1831.848	0.5339	0
1832.0004	0.5377	0
1832.1528	0.5293	0
1832.3052	0.5316	0
1832.4576	0.5345	0
1832.61	0.5301	0.0142
1832.7624	0.5271	0
1832.9148	0.5289	0.0086
1833.0672	0.5374	0.0057
1833.2196	0.5455	0.0206
1833.372	0.5662	0.0239
1833.5244	0.5633	0.0317
1833.6768	0.5759	0.0235
1833.8292	0.5766	0.0323
1833.9816	0.5764	0.004
1834.134	0.5849	0
1834.2864	0.5748	0
1834.4388	0.575	0
1834.5912	0.583	0
1834.7436	0.5577	0
1834.896	0.555	0
1835.0484	0.5527	0.0133
1835.2008	0.552	0.0064
1835.3532	0.5513	0
1835.5056	0.5469	0
1835.658	0.5423	0
1835.8104	0.5452	0
1835.9628	0.5441	0
1836.1152	0.5573	0
1836.2676	0.5578	0
1836.42	0.5694	0
1836.5724	0.5668	0
1836.7248	0.5726	0
1836.8772	0.5745	0
1837.0296	0.5676	0
1837.182	0.5715	0
1837.3344	0.5894	0
1837.4868	0.5795	0
1837.6392	0.5925	0
1837.7916	0.5913	0
1837.944	0.5906	0
1838.0964	0.5972	0
1838.2488	0.6033	0
1838.4012	0.6188	0
1838.5536	0.6084	0
1838.706	0.6139	0
1838.8584	0.6173	0
1839.0108	0.6105	0
1839.1632	0.6072	0
1839.3156	0.6031	0
1839.468	0.5945	0
1839.6204	0.5965	0
1839.7728	0.5937	0
1839.9252	0.591	0
1840.0776	0.5967	0
1840.23	0.581	0
1840.3824	0.5782	0
1840.5348	0.5912	0
1840.6872	0.5836	0
1840.8396	0.5894	0
1840.992	0.5983	0
1841.1444	0.5933	0
1841.2968	0.5892	0
1841.4492	0.5846	0
1841.6016	0.5604	0
1841.754	0.5675	0
1841.9064	0.5576	0
1842.0588	0.5483	0
1842.2112	0.568	0.007
1842.3636	0.5571	0.0145
1842.516	0.5559	0.0078
1842.6684	0.5613	0
1842.8208	0.5545	0
1842.9732	0.5454	0
1843.1256	0.5553	0
1843.278	0.5514	0
1843.4304	0.5436	0
1843.5828	0.553	0
1843.7352	0.5462	0
1843.8876	0.5578	0
1844.04	0.5757	0
1844.1924	0.5752	0
1844.3448	0.5682	0
1844.4972	0.5766	0
1844.6496	0.583	0
1844.802	0.5714	0
1844.9544	0.5688	0
1845.1068	0.5824	0
1845.2592	0.5633	0
1845.4116	0.5516	0
1845.564	0.5408	0
1845.7164	0.5632	0
1845.8688	0.5632	0
1846.0212	0.5643	0
1846.1736	0.5556	0
1846.326	0.5299	0
1846.4784	0.5174	0
1846.6308	0.5153	0
1846.7832	0.511	0
1846.9356	0.5398	0
1847.088	0.5493	0
1847.2404	0.5413	0
1847.3928	0.5532	0
1847.5452	0.5599	0
1847.6976	0.5646	0
1847.85	0.5679	0
1848.0024	0.5537	0
1848.1548	0.5558	0
1848.3072	0.5527	0
1848.4596	0.5449	0
1848.612	0.5452	0
1848.7644	0.5398	0
1848.9168	0.5265	0
1849.0692	0.5459	0
1849.2216	0.5378	0
1849.374	0.5307	0
1849.5264	0.5438	0
1849.6788	0.5323	0
1849.8312	0.5325	0
1849.9836	0.5413	0
1850.136	0.5297	0
1850.2884	0.538	0
1850.4408	0.5364	0
1850.5932	0.5404	0.0026
1850.7456	0.5687	0
1850.898	0.5714	0.0002
1851.0504	0.5565	0
1851.2028	0.5449	0
1851.3552	0.5489	0
1851.5076	0.5452	0
1851.66	0.5355	0
1851.8124	0.5342	0
1851.9648	0.5442	0
1852.1172	0.5401	0
1852.2696	0.5523	0
1852.422	0.5686	0
1852.5744	0.5484	0
1852.7268	0.5544	0
1852.8792	0.5522	0
1853.0316	0.5466	0
1853.184	0.5522	0
1853.3364	0.5545	0
1853.4888	0.5446	0
1853.6412	0.5446	0
1853.7936	0.5479	0
1853.946	0.5414	0
1854.0984	0.5406	0
1854.2508	0.5331	0
1854.4032	0.5316	0
1854.5556	0.5532	0
1854.708	0.5471	0
1854.8604	0.553	0
1855.0128	0.5541	0
1855.1652	0.537	0
1855.3176	0.5422	0
1855.47	0.5402	0
1855.6224	0.5396	0
1855.7748	0.5424	0
1855.9272	0.5235	0
1856.0796	0.5213	0
1856.232	0.5245	0
1856.3844	0.5312	0
1856.5368	0.5339	0
1856.6892	0.5419	0
1856.8416	0.5366	0.012
1856.994	0.5373	0
1857.1464	0.5555	0.0069
1857.2988	0.5539	0.0096
1857.4512	0.5564	0
1857.6036	0.5701	0
1857.756	0.5571	0
1857.9084	0.554	0
1858.0608	0.5459	0
1858.2132	0.5603	0
1858.3656	0.5681	0.0298
1858.518	0.575	0.063
1858.6704	0.5741	0.0246
1858.8228	0.5535	0.0217
1858.9752	0.5683	0.036
1859.1276	0.565	0
1859.28	0.5503	0
1859.4324	0.5315	0
1859.5848	0.5365	0
1859.7372	0.5543	0
1859.8896	0.5649	0
1860.042	0.5692	0
1860.1944	0.5626	0.0056
1860.3468	0.5633	0
1860.4992	0.5637	0.0122
1860.6516	0.5375	0
1860.804	0.5298	0
1860.9564	0.5383	0
1861.1088	0.5354	0
1861.2612	0.5265	0
1861.4136	0.5266	0
1861.566	0.533	0
1861.7184	0.5256	0
1861.8708	0.5109	0
1862.0232	0.516	0
1862.1756	0.5002	0
1862.328	0.4986	0
1862.4804	0.5006	0
1862.6328	0.485	0
1862.7852	0.4518	0
1862.9376	0.4579	0
1863.09	0.449	0
1863.2424	0.4503	0
1863.3948	0.4445	0
1863.5472	0.4526	0
1863.6996	0.4566	0
1863.852	0.4543	0
1864.0044	0.46	0
1864.1568	0.4624	0
1864.3092	0.4652	0
1864.4616	0.4586	0
1864.614	0.4646	0
1864.7664	0.4548	0
1864.9188	0.4457	0
1865.0712	0.4669	0
1865.2236	0.4799	0.0548
1865.376	0.489	0.0795
1865.5284	0.5305	0.0918
1865.6808	0.6038	0.1042
1865.8332	0.6142	0.1042
1865.9856	0.6022	0.0671
1866.138	0.5558	0.0634
1866.2904	0.5343	0
1866.4428	0.5225	0
1866.5952	0.5226	0
1866.7476	0.5331	0
1866.9	0.5579	0
1867.0524	0.6468	0.0204
1867.2048	0.6782	0.0548
1867.3572	0.6998	0.0918
1867.5096	0.6963	0.0918
1867.662	0.6788	0.0918
1867.8144	0.6477	0.0795
1867.9668	0.5729	0.0671
1868.1192	0.5193	0.0424
1868.2716	0.4856	0.0054
1868.424	0.461	0
1868.5764	0.4451	0
1868.7288	0.4398	0
1868.8812	0.4521	0
1869.0336	0.4526	0
1869.186	0.4649	0
1869.3384	0.4412	0
1869.4908	0.437	0
1869.6432	0.4544	0
1869.7956	0.4432	0
1869.948	0.451	0
1870.1004	0.4391	0
1870.2528	0.4472	0
1870.4052	0.4464	0
1870.5576	0.4441	0
1870.71	0.4464	0
1870.8624	0.4574	0
1871.0148	0.4468	0
1871.1672	0.4587	0
1871.3196	0.4557	0
1871.472	0.4594	0
1871.6244	0.4579	0
1871.7768	0.4624	0
1871.9292	0.4665	0
1872.0816	0.4664	0
1872.234	0.4833	0
1872.3864	0.4861	0
1872.5388	0.515	0
1872.6912	0.5171	0
1872.8436	0.5343	0
1872.996	0.5477	0.0067
1873.1484	0.5567	0.0221
1873.3008	0.5459	0
1873.4532	0.5124	0
1873.6056	0.4666	0
1873.758	0.4617	0
1873.9104	0.4256	0
1874.0628	0.4228	0
1874.2152	0.4269	0
1874.3676	0.4205	0
1874.52	0.4423	0
1874.6724	0.4463	0
1874.8248	0.4462	0
1874.9772	0.444	0
1875.1296	0.4465	0
1875.282	0.4359	0
1875.4344	0.4529	0
1875.5868	0.4382	0
1875.7392	0.4334	0
1875.8916	0.4384	0
1876.044	0.4361	0
1876.1964	0.4378	0
1876.3488	0.4376	0
1876.5012	0.4381	0
1876.6536	0.4371	0
1876.806	0.4395	0
1876.9584	0.4377	0
1877.1108	0.4398	0
1877.2632	0.4396	0
1877.4156	0.4394	0
1877.568	0.4412	0
1877.7204	0.4379	0
1877.8728	0.4396	0
1878.0252	0.435	0
1878.1776	0.4525	0
1878.33	0.4371	0
1878.4824	0.4491	0
1878.6348	0.46	0
1878.7872	0.4569	0
1878.9396	0.4706	0
1879.092	0.4903	0
1879.2444	0.5007	0
1879.3968	0.4972	0
1879.5492	0.4919	0.002
1879.7016	0.5184	0.0252
1879.854	0.4523	0
1880.0064	0.475	0
1880.1588	0.4826	0
1880.3112	0.4763	0
1880.4636	0.4776	0
1880.616	0.4855	0
1880.7684	0.5213	0
1880.9208	0.537	0
1881.0732	0.5349	0
1881.2256	0.5461	0
1881.378	0.5687	0
1881.5304	0.5845	0
1881.6828	0.5756	0
1881.8352	0.5622	0
1881.9876	0.5548	0.0081
1882.14	0.5526	0.0185
1882.2924	0.5471	0.0412
1882.4448	0.5561	0.0508
1882.5972	0.5754	0.0593
1882.7496	0.5792	0.0683
1882.902	0.5822	0.0483
1883.0544	0.5832	0.0533
1883.2068	0.5727	0.0194
1883.3592	0.548	0
1883.5116	0.5278	0
1883.664	0.5083	0
1883.8164	0.5031	0
1883.9688	0.4958	0
1884.1212	0.4913	0
1884.2736	0.488	0
1884.426	0.4807	0
1884.5784	0.484	0
1884.7308	0.4973	0
1884.8832	0.4999	0
1885.0356	0.5015	0
1885.188	0.4964	0
1885.3404	0.495	0
1885.4928	0.4986	0
1885.6452	0.4919	0
1885.7976	0.5039	0
1885.95	0.4967	0
1886.1024	0.4933	0
1886.2548	0.4883	0
1886.4072	0.4929	0
1886.5596	0.4948	0
1886.712	0.4997	0
1886.8644	0.4952	0
1887.0168	0.4967	0
1887.1692	0.4997	0
1887.3216	0.5033	0
1887.474	0.5077	0
1887.6264	0.5018	0
1887.7788	0.505	0
1887.9312	0.4958	0
1888.0836	0.5013	0
1888.236	0.5103	0
1888.3884	0.5151	0.0048
1888.5408	0.5268	0.0098
1888.6932	0.5139	0.0269
1888.8456	0.514	0.0167
1888.998	0.4958	0.0266
1889.1504	0.4938	0
1889.3028	0.4872	0
1889.4552	0.4793	0
1889.6076	0.4937	0
1889.76	0.4893	0
1889.9124	0.4956	0
1890.0648	0.485	0
1890.2172	0.4808	0
1890.3696	0.4779	0
1890.522	0.4793	0
1890.6744	0.4831	0
1890.8268	0.4737	0
1890.9792	0.4702	0
1891.1316	0.4689	0
1891.284	0.4597	0
1891.4364	0.4549	0
1891.5888	0.4292	0
1891.7412	0.4248	0
1891.8936	0.4217	0
1892.046	0.4215	0
1892.1984	0.4269	0
1892.3508	0.4397	0
1892.5032	0.4398	0
1892.6556	0.4305	0
1892.808	0.4336	0
1892.9604	0.4339	0
1893.1128	0.4391	0.0102
1893.2652	0.4306	0.0133
1893.4176	0.4348	0.0323
1893.57	0.4355	0.0168
1893.7224	0.4362	0
1893.8748	0.4523	0
1894.0272	0.4626	0
1894.1796	0.4323	0
1894.332	0.4228	0
1894.4844	0.4146	0
1894.6368	0.4141	0
1894.7892	0.4085	0
1894.9416	0.4124	0
1895.094	0.4174	0.0072
1895.2464	0.4197	0
1895.3988	0.4272	0
1895.5512	0.4292	0
1895.7036	0.4187	0
1895.856	0.4221	0
1896.0084	0.4318	0
1896.1608	0.445	0
1896.3132	0.4574	0
1896.4656	0.4951	0
1896.618	0.511	0
1896.7704	0.5219	0
1896.9228	0.5311	0
1897.0752	0.5229	0
1897.2276	0.5212	0
1897.38	0.524	0
1897.5324	0.5256	0
1897.6848	0.5222	0.009
1897.8372	0.5438	0
1897.9896	0.5349	0
1898.142	0.5484	0
1898.2944	0.5397	0
1898.4468	0.5696	0
1898.5992	0.5415	0
1898.7516	0.52	0
1898.904	0.5311	0
1899.0564	0.5356	0
1899.2088	0.5249	0
1899.3612	0.5293	0
1899.5136	0.5294	0
1899.666	0.5288	0
1899.8184	0.5292	0
1899.9708	0.5313	0
1900.1232	0.5352	0.025
1900.2756	0.5356	0.0179
1900.428	0.5223	0
1900.5804	0.5062	0
1900.7328	0.5012	0
1900.8852	0.5046	0
1901.0376	0.4947	0
1901.19	0.5066	0
1901.3424	0.5017	0
1901.4948	0.5187	0
1901.6472	0.5215	0
1901.7996	0.5579	0
1901.952	0.525	0
1902.1044	0.5312	0
1902.2568	0.5262	0
1902.4092	0.5119	0
1902.5616	0.5141	0
1902.714	0.5144	0
1902.8664	0.5224	0
1903.0188	0.5108	0
1903.1712	0.5193	0
1903.3236	0.5165	0
1903.476	0.5495	0
1903.6284	0.5369	0
1903.7808	0.5382	0
1903.9332	0.542	0
1904.0856	0.5516	0
1904.238	0.5532	0
1904.3904	0.5479	0
1904.5428	0.5511	0
1904.6952	0.5727	0.0074
1904.8476	0.5816	0.0074
1905	0.5823	0.0074
1905.1524	0.585	0.0074
1905.3048	0.5825	0.0074
1905.4572	0.5777	0.0074
1905.6096	0.5752	0.0074
1905.762	0.5768	0.0074
1905.9144	0.5611	0.0074
1906.0668	0.5616	0.0074
1906.2192	0.5673	0.0074
1906.3716	0.5556	0.0074
1906.524	0.5598	0.0074
1906.6764	0.5465	0.0074
1906.8288	0.5469	0.0074
1906.9812	0.5589	0.0074
1907.1336	0.5731	0.0074
1907.286	0.5597	0.0074
1907.4384	0.5532	0.0074
1907.5908	0.5612	0.0074
1907.7432	0.55	0.0074
1907.8956	0.5675	0.0074
1908.048	0.5489	0.0074
1908.2004	0.577	0.0074
1908.3528	0.555	0.0074
1908.5052	0.5889	0.0074
1908.6576	0.5406	0.0074
1908.81	0.5483	0.0074
1908.9624	0.5388	0.0074
1909.1148	0.537	0.0074
1909.2672	0.557	0.0074
1909.4196	0.5151	0.0074
1909.572	0.5392	0.0074
1909.7244	0.5182	0.0074
1909.8768	0.5384	0.0074
1910.0292	0.51	0.0074
1910.1816	0.5563	0.0074
1910.334	0.5541	0.0074
1910.4864	0.5711	0.0074
1910.6388	0.5338	0.0074
1910.7912	0.5316	0.0074
1910.9436	0.5221	0.0074
1911.096	0.526	0.0074
1911.2484	0.517	0.0074
1911.4008	0.5263	0.0074
1911.5532	0.5214	0.0074
1911.7056	0.5205	0.0074
1911.858	0.5254	0.0074
1912.0104	0.5207	0.0074
1912.1628	0.5289	0.0074
1912.3152	0.5224	0.0074
1912.4676	0.5303	0.0074
1912.62	0.5237	0.0074
1912.7724	0.5241	0.0074
1912.9248	0.5204	0.0074
1913.0772	0.5186	0.0074
1913.2296	0.5096	0.0074
1913.382	0.5121	0.0074
1913.5344	0.5093	0.0074
1913.6868	0.5695	0.0074
1913.8392	0.5225	0.0074
1913.9916	0.5723	0.0074
1914.144	0.5083	0.0074
1914.2964	0.5178	0.0074
1914.4488	0.5248	0.0074
1914.6012	0.5381	0.0074
1914.7536	0.5238	0.0074
1914.906	0.5109	0.0074
1915.0584	0.5126	0.0074
1915.2108	0.5012	0.0074
1915.3632	0.4911	0.0074
1915.5156	0.5161	0.0074
1915.668	0.5119	0.0074
1915.8204	0.5252	0.0095
1915.9728	0.5139	0.0117
1916.1252	0.5492	0.0139
1916.2776	0.5284	0.016
1916.43	0.536	0.0182
1916.5824	0.5303	0.0203
1916.7348	0.5249	0.0225
1916.8872	0.5192	0.0247
1917.0396	0.5259	0.0268
1917.192	0.515	0.029
1917.3444	0.5168	0.0311
1917.4968	0.5163	0.0333
1917.6492	0.5004	0.0355
1917.8016	0.4948	0.0376
1917.954	0.5025	0.0398
1918.1064	0.5011	0.0419
1918.2588	0.4863	0.0419
1918.4112	0.4868	0.0419
1918.5636	0.4833	0.0419
1918.716	0.485	0
1918.8684	0.4873	0
1919.0208	0.495	0
1919.1732	0.4901	0
1919.3256	0.4691	0
1919.478	0.4659	0
1919.6304	0.4671	0
1919.7828	0.473	0
1919.9352	0.4743	0
1920.0876	0.4755	0
1920.24	0.4737	0
1920.3924	0.4729	0
1920.5448	0.4725	0
1920.6972	0.4733	0
1920.8496	0.4635	0
1921.002	0.4675	0
1921.1544	0.4692	0
1921.3068	0.4698	0
1921.4592	0.4687	0
1921.6116	0.4687	0
1921.764	0.4749	0.0021
1921.9164	0.4697	0
1922.0688	0.4621	0
1922.2212	0.4572	0
1922.3736	0.4551	0
1922.526	0.4591	0
1922.6784	0.4644	0
1922.8308	0.4673	0
1922.9832	0.4657	0
1923.1356	0.4657	0
1923.288	0.4653	0
1923.4404	0.4689	0
1923.5928	0.4695	0
1923.7452	0.4695	0
1923.8976	0.4673	0
1924.05	0.4627	0
1924.2024	0.4554	0
1924.3548	0.4443	0
1924.5072	0.4496	0
1924.6596	0.4526	0
1924.812	0.4451	0
1924.9644	0.444	0
1925.1168	0.4495	0
1925.2692	0.4625	0
1925.4216	0.4513	0
1925.574	0.446	0
1925.7264	0.4536	0
1925.8788	0.4516	0
1926.0312	0.4506	0
1926.1836	0.4818	0
1926.336	0.4827	0
1926.4884	0.4742	0
1926.6408	0.4545	0
1926.7932	0.4404	0
1926.9456	0.436	0.0061
1927.098	0.4441	0.0035
1927.2504	0.4309	0
1927.4028	0.4296	0
1927.5552	0.4319	0
1927.7076	0.4285	0
1927.86	0.428	0
1928.0124	0.4225	0
1928.1648	0.4104	0
1928.3172	0.404	0
1928.4696	0.4188	0
1928.622	0.4188	0
1928.7744	0.4185	0
1928.9268	0.4298	0
1929.0792	0.4318	0
1929.2316	0.4357	0
1929.384	0.4418	0
1929.5364	0.4437	0
1929.6888	0.4437	0
1929.8412	0.4462	0
1929.9936	0.4488	0
1930.146	0.4513	0
1930.2984	0.4534	0
1930.4508	0.462	0
1930.6032	0.4523	0.0063
1930.7556	0.4558	0
1930.908	0.4501	0
1931.0604	0.451	0
1931.2128	0.4417	0
1931.3652	0.4326	0
1931.5176	0.4389	0
1931.67	0.4456	0
1931.8224	0.4378	0
1931.9748	0.4417	0
1932.1272	0.4266	0
1932.2796	0.4021	0
1932.432	0.393	0
1932.5844	0.3908	0
1932.7368	0.3897	0
1932.8892	0.3984	0
1933.0416	0.4088	0
1933.194	0.4171	0
1933.3464	0.4128	0
1933.4988	0.407	0
1933.6512	0.4096	0
1933.8036	0.3959	0
1933.956	0.3874	0
1934.1084	0.3824	0
1934.2608	0.3871	0
1934.4132	0.3897	0
1934.5656	0.4023	0
1934.718	0.4042	0
1934.8704	0.414	0
1935.0228	0.4163	0
1935.1752	0.4173	0
1935.3276	0.4133	0
1935.48	0.4274	0
1935.6324	0.4268	0
1935.7848	0.4349	0
1935.9372	0.4342	0
1936.0896	0.4304	0
1936.242	0.4317	0
1936.3944	0.4377	0
1936.5468	0.4365	0.0141
1936.6992	0.4422	0.0524
1936.8516	0.4417	0.0454
1937.004	0.4413	0.0344
1937.1564	0.4414	0.0097
1937.3088	0.4291	0
1937.4612	0.4322	0
1937.6136	0.4304	0
1937.766	0.4315	0
1937.9184	0.4178	0
1938.0708	0.4102	0
1938.2232	0.3975	0
1938.3756	0.3888	0
1938.528	0.4135	0
1938.6804	0.4226	0
1938.8328	0.4279	0.0177
1938.9852	0.4266	0.0067
1939.1376	0.4287	0
1939.29	0.4286	0
1939.4424	0.4282	0
1939.5948	0.4313	0
1939.7472	0.4396	0
1939.8996	0.4415	0
1940.052	0.4312	0
1940.2044	0.4259	0
1940.3568	0.4099	0
1940.5092	0.4066	0
1940.6616	0.4021	0
1940.814	0.3958	0
1940.9664	0.406	0
1941.1188	0.4291	0.0419
1941.2712	0.4229	0.0419
1941.4236	0.4554	0.0419
1941.576	0.4665	0.0419
1941.7284	0.453	0.0419
1941.8808	0.4835	0.0419
1942.0332	0.4937	0.0419
1942.1856	0.5142	0.0419
1942.338	0.5106	0.0419
1942.4904	0.4751	0.0419
1942.6428	0.4656	0.0419
1942.7952	0.4523	0.0419
1942.9476	0.4393	0.0419
1943.1	0.4388	0
1943.2524	0.4281	0
1943.4048	0.4175	0
1943.5572	0.4096	0
1943.7096	0.4042	0
1943.862	0.4104	0
1944.0144	0.4127	0
1944.1668	0.4131	0
1944.3192	0.4131	0
1944.4716	0.4107	0
1944.624	0.4145	0
1944.7764	0.4136	0
1944.9288	0.4311	0
1945.0812	0.4381	0
1945.2336	0.4481	0
1945.386	0.4429	0
1945.5384	0.446	0
1945.6908	0.4528	0
1945.8432	0.4493	0.0479
1945.9956	0.4497	0.0039
1946.148	0.45	0.0247
1946.3004	0.455	0.0247
1946.4528	0.4484	0.0247
1946.6052	0.4412	0.0247
1946.7576	0.4371	0.0247
1946.91	0.4384	0.0247
1947.0624	0.438	0.0247
1947.2148	0.438	0.0247
1947.3672	0.4422	0.0247
1947.5196	0.4473	0.0247
1947.672	0.4461	0.0247
1947.8244	0.4308	0.0247
1947.9768	0.4387	0.0247
1948.1292	0.4194	0.0247
1948.2816	0.4362	0.0247
1948.434	0.4214	0.0247
1948.5864	0.4381	0.0247
1948.7388	0.428	0.0247
1948.8912	0.43	0.0247
1949.0436	0.4219	0.0247
1949.196	0.4114	0.0247
1949.3484	0.4174	0.0247
1949.5008	0.4183	0.0247
1949.6532	0.4281	0.0247
1949.8056	0.4108	0.0247
1949.958	0.4272	0.0247
1950.1104	0.4116	0.0247
1950.2628	0.4243	0.0247
1950.4152	0.4323	0.0247
1950.5676	0.4084	0.0247
1950.72	0.4127	0.0247
1950.8724	0.4335	0.0227
1951.0248	0.4313	0.0208
1951.1772	0.4476	0.0189
1951.3296	0.4296	0.017
1951.482	0.4296	0.0151
1951.6344	0.4345	0.0131
1951.7868	0.4335	0.0112
1951.9392	0.4455	0.0093
1952.0916	0.43	0.0074
1952.244	0.4279	0.0074
1952.3964	0.4299	0.0074
1952.5488	0.4175	0.0074
1952.7012	0.4239	0.0074
1952.8536	0.419	0.0074
1953.006	0.4153	0.0074
1953.1584	0.4394	0.0074
1953.3108	0.4272	0.0074
1953.4632	0.4098	0.0074
1953.6156	0.4039	0.0074
1953.768	0.4053	0.0074
1953.9204	0.4173	0.0074
1954.0728	0.4223	0.0074
1954.2252	0.441	0.0074
1954.3776	0.4293	0.0074
1954.53	0.4323	0.0074
1954.6824	0.4303	0.0074
1954.8348	0.4334	0.0074
1954.9872	0.4357	0.0074
1955.1396	0.4434	0.0074
1955.292	0.4485	0.0074
1955.4444	0.4384	0.0074
1955.5968	0.4357	0.0074
1955.7492	0.4289	0.0074
1955.9016	0.4349	0.0074
1956.054	0.4499	0.0074
1956.2064	0.5067	0.0074
1956.3588	0.5187	0.0247
1956.5112	0.5085	0.0247
1956.6636	0.4836	0.0247
1956.816	0.4821	0.0247
1956.9684	0.4589	0.0242
1957.1208	0.4477	0.0237
1957.2732	0.4536	0.0232
1957.4256	0.5261	0.0227
1957.578	0.5773	0.0223
1957.7304	0.6619	0.0218
1957.8828	0.6976	0.0213
1958.0352	0.7402	0.0208
1958.1876	0.738	0.0203
1958.34	0.688	0.0199
1958.4924	0.5992	0.0194
1958.6448	0.5867	0.0189
1958.7972	0.5603	0.0184
1958.9496	0.5173	0.0179
1959.102	0.5218	0.0175
1959.2544	0.49	0.017
1959.4068	0.5181	0.0165
1959.5592	0.4907	0.016
1959.7116	0.4867	0.0155
1959.864	0.4791	0.0151
1960.0164	0.4596	0.0146
1960.1688	0.4789	0.0141
1960.3212	0.4777	0.0136
1960.4736	0.4944	0.0131
1960.626	0.4624	0.0127
1960.7784	0.4836	0.0122
1960.9308	0.4975	0.0117
1961.0832	0.5098	0.0112
1961.2356	0.5046	0.0107
1961.388	0.4938	0.0102
1961.5404	0.4784	0.0098
1961.6928	0.4567	0.0093
1961.8452	0.4746	0.0088
1961.9976	0.4724	0.0083
1962.15	0.4573	0.0078
1962.3024	0.4782	0.0074
1962.4548	0.4617	0.0074
1962.6072	0.4719	0.0074
1962.7596	0.4702	0.0074
1962.912	0.4673	0.0074
1963.0644	0.4715	0.0074
1963.2168	0.4718	0.0074
1963.3692	0.4701	0.0074
1963.5216	0.4481	0.0074
1963.674	0.4638	0.0074
1963.8264	0.4429	0.0074
1963.9788	0.4485	0.0074
1964.1312	0.4621	0.0074
1964.2836	0.4749	0.0074
1964.436	0.5636	0.0074
1964.5884	0.5433	0.0074
1964.7408	0.4893	0.0088
1964.8932	0.4771	0.0102
1965.0456	0.4575	0.0074
1965.198	0.4625	0.0074
1965.3504	0.4569	0.0074
1965.5028	0.4425	0.0074
1965.6552	0.4488	0.0074
1965.8076	0.4436	0.0074
1965.96	0.4433	0.0074
1966.1124	0.4414	0.0085
1966.2648	0.439	0.0097
1966.4172	0.4325	0.0108
1966.5696	0.4299	0.012
1966.722	0.4253	0.0131
1966.8744	0.4317	0.0143
1967.0268	0.4327	0.0154
1967.1792	0.4492	0.0166
1967.3316	0.4455	0.0177
1967.484	0.4499	0.0189
1967.6364	0.4512	0.02
1967.7888	0.4483	0.0212
1967.9412	0.4459	0.0224
1968.0936	0.4367	0.0235
1968.246	0.4392	0.0247
1968.3984	0.4395	0.0239
1968.5508	0.4387	0.0231
1968.7032	0.4397	0.0223
1968.8556	0.4363	0.0215
1969.008	0.4343	0.0207
1969.1604	0.4428	0.0199
1969.3128	0.4378	0.0192
1969.4652	0.4353	0.0184
1969.6176	0.4347	0.0176
1969.77	0.4403	0.0168
1969.9224	0.4363	0.016
1970.0748	0.4424	0.0152
1970.2272	0.4425	0.0144
1970.3796	0.4316	0.0137
1970.532	0.443	0.0129
1970.6844	0.4439	0.0121
1970.8368	0.4481	0.0113
1970.9892	0.4597	0.0105
1971.1416	0.4383	0.0097
1971.294	0.4309	0.0089
1971.4464	0.4305	0.0082
1971.5988	0.4264	0.0074
1971.7512	0.414	0
1971.9036	0.4202	0
1972.056	0.4257	0
1972.2084	0.4308	0
1972.3608	0.4312	0
1972.5132	0.4371	0
1972.6656	0.4332	0
1972.818	0.437	0
1972.9704	0.4362	0
1973.1228	0.4364	0
1973.2752	0.4325	0
1973.4276	0.4287	0
1973.58	0.4299	0
1973.7324	0.4419	0
1973.8848	0.449	0
1974.0372	0.4416	0.0136
1974.1896	0.4423	0.0145
1974.342	0.4506	0.0074
1974.4944	0.4507	0.0074
1974.6468	0.4566	0.0074
1974.7992	0.4476	0.0074
1974.9516	0.4579	0.0074
1975.104	0.4473	0.0074
1975.2564	0.4417	0.0074
1975.4088	0.4463	0.0074
1975.5612	0.4455	0.0074
1975.7136	0.4357	0.0074
1975.866	0.45	0.0074
1976.0184	0.4394	0.0074
1976.1708	0.4413	0.0074
1976.3232	0.4416	0.0074
1976.4756	0.447	0.0074
1976.628	0.4439	0.0074
1976.7804	0.4578	0.0074
1976.9328	0.443	0.0074
1977.0852	0.4457	0.0074
1977.2376	0.4557	0.0074
1977.39	0.4577	0.0074
1977.5424	0.4487	0.0074
1977.6948	0.4565	0.0074
1977.8472	0.4593	0.0074
1977.9996	0.4469	0.0074
1978.152	0.4435	0.0247
1978.3044	0.4508	0.0419
1978.4568	0.4547	0.0592
1978.6092	0.4722	0.0535
1978.7616	0.457	0.0477
1978.914	0.4246	0.0247
1979.0664	0.4568	0.0232
1979.2188	0.4452	0.0218
1979.3712	0.4552	0.0203
1979.5236	0.47	0.0189
1979.676	0.4714	0.0175
1979.8284	0.4628	0.016
1979.9808	0.4823	0.0146
1980.1332	0.4821	0.0131
1980.2856	0.483	0.0117
1980.438	0.4756	0.0102
1980.5904	0.4723	0.0088
1980.7428	0.4673	0.0074
1980.8952	0.4754	0.0093
1981.0476	0.4639	0.0112
1981.2	0.4538	0.0131
1981.3524	0.4753	0.0151
1981.5048	0.4438	0.017
1981.6572	0.4278	0.0189
1981.8096	0.433	0.0208
1981.962	0.4415	0.0227
1982.1144	0.4563	0.0419
1982.2668	0.4605	0.0047
1982.4192	0.4711	0
1982.5716	0.4621	0
1982.724	0.4458	0
1982.8764	0.4494	0
1983.0288	0.4536	0
1983.1812	0.4593	0.0018
1983.3336	0.454	0
1983.486	0.4568	0
1983.6384	0.4546	0
1983.7908	0.46	0
1983.9432	0.4674	0
1984.0956	0.455	0
1984.248	0.4598	0
1984.4004	0.4626	0.0062
1984.5528	0.4654	0.0254
1984.7052	0.4623	0.0447
1984.8576	0.4562	0.0019
1985.01	0.4527	0
1985.1624	0.4465	0
1985.3148	0.4456	0
1985.4672	0.4565	0
1985.6196	0.4428	0.0042
1985.772	0.4471	0.0322
1985.9244	0.446	0
1986.0768	0.4358	0.0424
1986.2292	0.4323	0.0396
1986.3816	0.4496	0.0042
1986.534	0.4424	0.0427
1986.6864	0.4586	0.0744
1986.8388	0.4483	0.0695
1986.9912	0.4437	0.045
1987.1436	0.4425	0.0637
1987.296	0.4448	0.0536
1987.4484	0.4495	0.0503
1987.6008	0.4561	0.0723
1987.7532	0.4537	0.0878
1987.9056	0.4569	0.0928
1988.058	0.4482	0.1083
1988.2104	0.4513	0.0505
1988.3628	0.4559	0.0249
1988.5152	0.4529	0
1988.6676	0.4599	0
1988.82	0.4437	0
1988.9724	0.4483	0.0237
1989.1248	0.4415	0.0183
1989.2772	0.4415	0.0422
1989.4296	0.4327	0.013
1989.582	0.4421	0.0355
1989.7344	0.4366	0.0161
1989.8868	0.4448	0.0402
1990.0392	0.4472	0.0379
1990.1916	0.4481	0.0637
1990.344	0.4434	0.0576
1990.4964	0.4587	0.0673
1990.6488	0.4469	0.0887
1990.8012	0.4473	0.0728
1990.9536	0.4439	0.0501
1991.106	0.4427	0.0514
1991.2584	0.4441	0.0488
1991.4108	0.4309	0.021
1991.5632	0.4354	0.0107
1991.7156	0.4406	0.0031
1991.868	0.4445	0
1992.0204	0.4443	0
1992.1728	0.4434	0
1992.3252	0.4441	0.0419
1992.4776	0.4482	0.0362
1992.63	0.4529	0.0304
1992.7824	0.452	0.0247
1992.9348	0.4545	0.0266
1993.0872	0.454	0.0227
1993.2396	0.444	0.0189
1993.392	0.4415	0.0151
1993.5444	0.4504	0.0112
1993.6968	0.4475	0.0074
1993.8492	0.4434	0.0074
1994.0016	0.4364	0.0074
1994.154	0.4413	0.0074
1994.3064	0.4415	0.0074
1994.4588	0.4466	0.0074
1994.6112	0.442	0.0074
1994.7636	0.4434	0.0074
1994.916	0.4521	0.0074
1995.0684	0.4467	0.0074
1995.2208	0.4538	0.0102
1995.3732	0.4432	0.0131
1995.5256	0.444	0.016
1995.678	0.4761	0.0189
1995.8304	0.4633	0.0218
1995.9828	0.4827	0.0247
1996.1352	0.4993	0.0247
1996.2876	0.5507	0.0247
1996.44	0.5526	0.0247
1996.5924	0.5503	0.0247
1996.7448	0.5699	0.0247
1996.8972	0.5405	0.0247
1997.0496	0.5301	0.0247
1997.202	0.5042	0.0247
1997.3544	0.4848	0.0247
1997.5068	0.4752	0.0247
1997.6592	0.4756	0.0247
1997.8116	0.4835	0.0247
1997.964	0.5067	0.0235
1998.1164	0.5066	0.0224
1998.2688	0.5028	0.0212
1998.4212	0.5059	0.02
1998.5736	0.4957	0.0189
1998.726	0.5034	0.0177
1998.8784	0.4929	0.0166
1999.0308	0.483	0.0154
1999.1832	0.4758	0.0143
1999.3356	0.4862	0.0131
1999.488	0.4844	0.012
1999.6404	0.4834	0.0108
1999.7928	0.4767	0.0097
1999.9452	0.4798	0.0085
2000.0976	0.4807	0.0074
2000.25	0.4829	0.0719
2000.4024	0.478	0.0673
2000.5548	0.4757	0.0627
2000.7072	0.4707	0.0581
2000.8596	0.4697	0.0535
2001.012	0.4632	0.0489
2001.1644	0.4594	0.0443
2001.3168	0.4547	0.0396
2001.4692	0.4441	0.035
2001.6216	0.4522	0.0304
2001.774	0.4445	0.0258
2001.9264	0.4436	0.0212
2002.0788	0.4438	0.0166
2002.2312	0.4513	0.012
2002.3836	0.4618	0.0074
2002.536	0.4605	0.0074
2002.6884	0.4547	0.0074
2002.8408	0.464	0.0074
2002.9932	0.4697	0.0074
2003.1456	0.463	0.0074
2003.298	0.445	0.0074
2003.4504	0.4593	0.0074
2003.6028	0.4471	0.0074
2003.7552	0.4556	0.0074
2003.9076	0.4576	0.0074
2004.06	0.452	0.0074
2004.2124	0.4538	0.0074
2004.3648	0.457	0.0074
2004.5172	0.4585	0.0074
2004.6696	0.4769	0.0074
2004.822	0.4853	0.0074
2004.9744	0.492	0.0074
2005.1268	0.5072	0.0074
2005.2792	0.5194	0.0074
2005.4316	0.4915	0.0074
2005.584	0.4815	0.0074
2005.7364	0.4793	0.0074
2005.8888	0.4785	0.0074
2006.0412	0.4755	0.0074
2006.1936	0.4679	0.0074
2006.346	0.4767	0.0074
2006.4984	0.4706	0.0074
2006.6508	0.4742	0.0074
2006.8032	0.476	0.0074
2006.9556	0.4832	0.0074
2007.108	0.4854	0.0074
2007.2604	0.4788	0.0074
2007.4128	0.4693	0.0074
2007.5652	0.461	0.0074
2007.7176	0.4667	0.0074
2007.87	0.4676	0.0074
2008.0224	0.4721	0.0074
2008.1748	0.4726	0.0074
2008.3272	0.4806	0.0074
2008.4796	0.4851	0.0074
2008.632	0.4893	0.0074
2008.7844	0.4823	0.0074
2008.9368	0.4838	0.0074
2009.0892	0.4768	0.0074
2009.2416	0.4672	0.0074
2009.394	0.47	0.0074
2009.5464	0.4665	0.0074
2009.6988	0.4675	0.0074
2009.8512	0.4609	0.0074
2010.0036	0.4566	0.0074
2010.156	0.4634	0.0074
2010.3084	0.4581	0.0074
2010.4608	0.4587	0.0074
2010.6132	0.4579	0.0074
2010.7656	0.4485	0.0419
2010.918	0.4498	0.0391
2011.0704	0.4386	0.0362
2011.2228	0.4328	0.0333
2011.3752	0.4356	0.0304
2011.5276	0.4477	0.0275
2011.68	0.4616	0.0247
2011.8324	0.4709	0.0235
2011.9848	0.5171	0.0224
2012.1372	0.5031	0.0212
2012.2896	0.4996	0.02
2012.442	0.4854	0.0189
2012.5944	0.4691	0.0177
2012.7468	0.4775	0.0166
2012.8992	0.4694	0.0154
2013.0516	0.462	0.0143
2013.204	0.4558	0.0131
2013.3564	0.4577	0.012
2013.5088	0.4893	0.0108
2013.6612	0.4442	0.0097
2013.8136	0.4378	0.0085
2013.966	0.4339	0.0074
2014.1184	0.4273	0
2014.2708	0.4242	0
2014.4232	0.4177	0
2014.5756	0.4159	0
2014.728	0.4238	0
2014.8804	0.4244	0
2015.0328	0.4251	0
2015.1852	0.4202	0
2015.3376	0.4249	0
2015.49	0.4292	0
2015.6424	0.4391	0
2015.7948	0.4435	0
2015.9472	0.4497	0
2016.0996	0.4516	0
2016.252	0.4485	0
2016.4044	0.4462	0
2016.5568	0.4459	0
2016.7092	0.4414	0
2016.8616	0.4397	0
2017.014	0.4418	0
2017.1664	0.4405	0
2017.3188	0.4441	0
2017.4712	0.4416	0
2017.6236	0.4449	0
2017.776	0.4429	0.0177
2017.9284	0.4504	0.0365
2018.0808	0.4457	0.0274
2018.2332	0.4417	0
2018.3856	0.4416	0
2018.538	0.4366	0
2018.6904	0.4342	0
2018.8428	0.43	0
2018.9952	0.4302	0
2019.1476	0.4288	0
2019.3	0.4232	0
2019.4524	0.4135	0
2019.6048	0.4098	0
2019.7572	0.398	0
2019.9096	0.3999	0
2020.062	0.4038	0
2020.2144	0.4053	0
2020.3668	0.4051	0
2020.5192	0.413	0
2020.6716	0.4106	0.0485
2020.824	0.4134	0.0406
2020.9764	0.417	0.0781
2021.1288	0.4104	0.0887
2021.2812	0.4108	0.0999
2021.4336	0.4128	0.0877
2021.586	0.4095	0.0801
2021.7384	0.4117	0.0677
2021.8908	0.4069	0.0316
2022.0432	0.3977	0
2022.1956	0.3926	0
2022.348	0.3807	0
2022.5004	0.3864	0
2022.6528	0.3734	0
2022.8052	0.3715	0
2022.9576	0.3768	0
2023.11	0.3799	0
2023.2624	0.3807	0
2023.4148	0.3887	0
2023.5672	0.385	0
2023.7196	0.3821	0
2023.872	0.3802	0
2024.0244	0.3692	0
2024.1768	0.3908	0
2024.3292	0.3922	0
2024.4816	0.3905	0
2024.634	0.3891	0
2024.7864	0.3884	0
2024.9388	0.3881	0
2025.0912	0.3939	0
2025.2436	0.3798	-9999
2025.396	0.4348	-9999
2025.5484	0.3769	-9999
2025.7008	0.3839	-9999
2025.8532	0.3871	-9999
2026.0056	0.3987	-9999
2026.158	0.394	-9999
2026.3104	0.396	-9999
2026.4628	0.3931	-9999
2026.6152	0.3958	-9999
2026.7676	0.3984	-9999
2026.92	0.4065	-9999
2027.0724	0.4004	-9999
2027.2248	0.4028	-9999
2027.3772	0.3976	-9999
2027.5296	0.393	-9999
2027.682	0.3963	-9999
2027.8344	0.3924	-9999
2027.9868	0.3951	-9999
2028.1392	0.3933	-9999
2028.2916	0.3908	-9999
2028.444	0.3905	-9999
2028.5964	0.3883	-9999
2028.7488	0.3901	-9999
2028.9012	0.3777	-9999
2029.0536	0.3784	-9999
2029.206	0.3736	-9999
2029.3584	0.3799	-9999
2029.5108	0.381	-9999
2029.6632	0.3816	-9999
2029.8156	0.3771	-9999
2029.968	0.3794	-9999
2030.1204	0.3833	-9999
2030.2728	0.383	-9999
2030.4252	0.3876	-9999
2030.5776	0.391	-9999
2030.73	0.3894	-9999
2030.8824	0.3875	-9999
2031.0348	0.3867	-9999
2031.1872	0.3901	-9999
2031.3396	0.3892	-9999
2031.492	0.3954	-9999
2031.6444	0.401	-9999
2031.7968	0.4032	-9999
2031.9492	0.4028	-9999
2032.1016	0.3978	-9999
2032.254	0.3932	-9999
2032.4064	0.3902	-9999
2032.5588	0.3846	-9999
2032.7112	0.386	-9999
2032.8636	0.3854	-9999
2033.016	0.3865	-9999
2033.1684	0.3922	-9999
2033.3208	0.3858	-9999
2033.4732	0.3754	-9999
2033.6256	0.3775	-9999
2033.778	0.3891	-9999
2033.9304	0.3972	-9999
2034.0828	0.391	-9999
2034.2352	0.3896	-9999
2034.3876	0.3831	-9999
2034.54	0.3827	-9999
2034.6924	0.3721	-9999
2034.8448	0.3679	-9999
2034.9972	0.3799	-9999
2035.1496	0.4045	-9999
2035.302	0.4269	-9999
2035.4544	0.4355	-9999
2035.6068	0.4373	-9999
2035.7592	0.4251	-9999
2035.9116	0.5569	-9999
2036.064	0.4011	-9999
2036.2164	0.3928	-9999
2036.3688	0.385	-9999
2036.5212	0.3829	-9999
2036.6736	0.3744	-9999
2036.826	0.3693	-9999
2036.9784	0.3745	-9999
2037.1308	0.3752	-9999
2037.2832	0.3806	-9999
2037.4356	0.3878	-9999
2037.588	0.3903	-9999
2037.7404	0.3897	-9999
2037.8928	0.3949	-9999
2038.0452	0.3881	-9999
2038.1976	0.3907	-9999
2038.35	0.3974	-9999
2038.5024	0.4046	-9999
2038.6548	0.403	-9999
2038.8072	0.4219	-9999
2038.9596	0.4179	-9999
2039.112	0.4056	-9999
2039.2644	0.4194	-9999
2039.4168	0.4522	-9999
2039.5692	0.385	-9999
2039.7216	0.3842	-9999
2039.874	0.3805	-9999
2040.0264	0.376	-9999
2040.1788	0.3734	-9999
2040.3312	0.3733	-9999
2040.4836	0.3776	-9999
2040.636	0.3821	-9999
2040.7884	0.3825	-9999
2040.9408	0.3825	-9999
2041.0932	0.3831	-9999
2041.2456	0.3863	-9999
2041.398	0.3873	-9999
2041.5504	0.3871	-9999
2041.7028	0.39	-9999
2041.8552	0.3844	-9999
2042.0076	0.389	-9999
2042.16	0.3839	-9999
2042.3124	0.3865	-9999
2042.4648	0.3766	-9999
2042.6172	0.3786	-9999
2042.7696	0.3866	-9999
2042.922	0.3847	-9999
2043.0744	0.387	-9999
2043.2268	0.3917	-9999
2043.3792	0.3984	-9999
2043.5316	0.4116	-9999
2043.684	0.4055	-9999
2043.8364	0.4042	-9999
2043.9888	0.3811	-9999
2044.1412	0.3816	-9999
2044.2936	0.3917	-9999
2044.446	0.3862	-9999
2044.5984	0.3812	-9999
2044.7508	0.3887	-9999
2044.9032	0.3921	-9999
2045.0556	0.3868	-9999
2045.208	0.3941	-9999
2045.3604	0.3884	-9999
2045.5128	0.3947	-9999
2045.6652	0.3939	-9999
2045.8176	0.3953	-9999
2045.97	0.3955	-9999
2046.1224	0.3849	-9999
2046.2748	0.386	-9999
2046.4272	0.3862	-9999
2046.5796	0.3632	-9999
2046.732	0.3645	-9999
2046.8844	0.3762	-9999
2047.0368	0.3889	-9999
2047.1892	0.3991	-9999
2047.3416	0.3974	-9999
2047.494	0.3991	-9999
2047.6464	0.4028	-9999
2047.7988	0.3985	-9999
2047.9512	0.3975	-9999
2048.1036	0.3886	-9999
2048.256	0.3906	-9999
2048.4084	0.3897	-9999
2048.5608	0.3916	-9999
2048.7132	0.3874	-9999
2048.8656	0.3879	-9999
2049.018	0.3856	-9999
2049.1704	-9999	-9999
2049.3228	-9999	-9999
2049.4752	-9999	-9999
2049.6276	-9999	-9999
2049.78	-9999	-9999
2049.9324	-9999	-9999
2050.0848	-9999	-9999
2050.2372	-9999	-9999
2050.3896	-9999	-9999
2050.542	-9999	-9999
2050.6944	-9999	-9999
2050.8468	-9999	-9999
2050.9992	-9999	-9999
2051.1516	-9999	-9999
2051.304	-9999	-9999
2051.4564	-9999	-9999
2051.6088	-9999	-9999
2051.7612	-9999	-9999
2051.9136	-9999	-9999
2052.066	-9999	-9999
2052.2184	-9999	-9999
2052.3708	-9999	-9999
2052.5232	-9999	-9999
2052.6756	-9999	-9999
2052.828	-9999	-9999
2052.9804	-9999	-9999
2053.1328	-9999	-9999
2053.2852	-9999	-9999
2053.4376	-9999	-9999
2053.59	-9999	-9999
2053.7424	-9999	-9999
2053.8948	-9999	-9999
2054.0472	-9999	-9999
2054.1996	-9999	-9999
2054.352	-9999	-9999
2054.5044	-9999	-9999
2054.6568	-9999	-9999
2054.8092	-9999	-9999
2054.9616	-9999	-9999
2055.114	-9999	-9999
2055.2664	-9999	-9999
2055.4188	-9999	-9999
2055.5712	-9999	-9999
2055.7236	-9999	-9999
2055.876	-9999	-9999
2056.0284	-9999	-9999
2056.1808	-9999	-9999
